route_id,service_id,trip_short_name,trip_headsign,route_short_name,direction_id,block_id,shape_id,wheelchair_accessible,trip_bikes_allowed,trip_id
ROUTE_880801,880772,,,,,,880814,0,0,880815
ROUTE_880801,880772,,,,,,880814,0,0,882129
ROUTE_880801,880772,,,,,,880814,0,0,882130
ROUTE_880801,880772,,,,,,880814,0,0,882131
ROUTE_880801,880772,,,,,,880814,0,0,882132
ROUTE_880801,881397,,,,,,880814,0,0,882133
ROUTE_880801,881444,,,,,,880814,0,0,882134
ROUTE_880801,880772,,,,,,882116,0,0,882135
ROUTE_880801,880772,,,,,,882116,0,0,882136
ROUTE_880801,880772,,,,,,882116,0,0,882137
ROUTE_880801,880772,,,,,,882116,0,0,882138
ROUTE_880801,880772,,,,,,882116,0,0,882139
ROUTE_880801,881397,,,,,,882116,0,0,882140
ROUTE_880801,881444,,,,,,882116,0,0,882141
ROUTE_880747,880772,,,,,,882144,0,0,882210
ROUTE_880747,880772,,,,,,882144,0,0,882211
ROUTE_880747,880772,,,,,,882144,0,0,882212
ROUTE_880747,880772,,,,,,882144,0,0,882213
ROUTE_880747,880772,,,,,,882144,0,0,882214
ROUTE_880747,881397,,,,,,882144,0,0,882215
ROUTE_880747,881445,,,,,,882144,0,0,882216
ROUTE_880747,880772,,,,,,882188,0,0,882217
ROUTE_880747,880772,,,,,,882188,0,0,882218
ROUTE_880747,880772,,,,,,882188,0,0,882219
ROUTE_880747,880772,,,,,,882188,0,0,882220
ROUTE_880747,880772,,,,,,882188,0,0,882221
ROUTE_880747,881397,,,,,,882188,0,0,882222
ROUTE_880747,881397,,,,,,882188,0,0,882223
LTFRB_PUB1138,724594,,,,,,,0,0,724597
LTFRB_PUJ2492,724594,,,,,,,0,0,724598
LTFRB_PUJ2365,724594,,,,,,,0,0,724599
LTFRB_PUJ2429,724594,,,,,,,0,0,724600
LTFRB_PUJ1698,724594,,,,,,,0,0,724601
LTFRB_PUJ2293,724594,,,,,,,0,0,724602
LTFRB_PUJ2241,724594,,,,,,,0,0,724603
LTFRB_PUJ2085,724594,,,,,,,0,0,724604
LTFRB_PUJ1575,724594,,,,,,,0,0,724605
LTFRB_PUJ1162,724594,,,,,,,0,0,724606
LTFRB_PUJ2519,724594,,,,,,,0,0,724607
LTFRB_PUB1192,724594,,,,,,,0,0,724608
LTFRB_PUB1001,724594,,,,,,,0,0,724609
LTFRB_PUB1067,724594,,,,,,,0,0,724610
LTFRB_PUJ1271,724594,,,,,,,0,0,724611
LTFRB_PUB1197,724594,,,,,,,0,0,724612
LTFRB_PUJ2159,724594,,,,,,,0,0,724613
LTFRB_PUB1096,724594,,,,,,,0,0,724614
LTFRB_PUJ1815,724594,,,,,,,0,0,724615
LTFRB_PUJ1253,724594,,,,,,,0,0,724616
LTFRB_PUJ2372,724594,,,,,,,0,0,724617
LTFRB_PUJ2133,724594,,,,,,,0,0,724618
LTFRB_PUJ2202,724594,,,,,,,0,0,724619
LTFRB_PUJ2351,724594,,,,,,,0,0,724620
LTFRB_PUJ1745,724594,,,,,,,0,0,724621
LTFRB_PUJ1922,724594,,,,,,,0,0,724622
LTFRB_PUJ1116,724594,,,,,,,0,0,724623
LTFRB_PUJ1434,724594,,,,,,,0,0,724624
LTFRB_PUJ1190,724594,,,,,,,0,0,724625
LTFRB_PUJ1756,724594,,,,,,,0,0,724626
LTFRB_PUJ1214,724594,,,,,,,0,0,724627
LTFRB_PUB1073,724594,,,,,,,0,0,724628
LTFRB_PUJ1415,724594,,,,,,,0,0,724629
LTFRB_PUJ1142,724594,,,,,,,0,0,724630
LTFRB_PUJ1007,724594,,,,,,,0,0,724631
LTFRB_PUJ1108,724594,,,,,,,0,0,724632
LTFRB_PUJ2018,724594,,,,,,,0,0,724633
LTFRB_PUJ1373,724594,,,,,,,0,0,724634
LTFRB_PUJ1536,724594,,,,,,,0,0,724635
LTFRB_PUJ1314,724594,,,,,,,0,0,724636
LTFRB_PUJ2278,724594,,,,,,,0,0,724637
LTFRB_PUJ2306,724594,,,,,,,0,0,724638
LTFRB_PUJ2027,724594,,,,,,,0,0,724639
LTFRB_PUJ1370,724594,,,,,,,0,0,724640
LTFRB_PUJ1293,724594,,,,,,,0,0,724641
LTFRB_PUJ1033,724594,,,,,,,0,0,724642
LTFRB_PUJ1915,724594,,,,,,,0,0,724643
LTFRB_PUJ2302,724594,,,,,,,0,0,724644
LTFRB_PUJ1906,724594,,,,,,,0,0,724645
LTFRB_PUJ1339,724594,,,,,,,0,0,724646
LTFRB_PUJ1973,724594,,,,,,,0,0,724647
LTFRB_PUJ1523,724594,,,,,,,0,0,724648
LTFRB_PUJ2026,724594,,,,,,,0,0,724649
LTFRB_PUJ2012,724594,,,,,,,0,0,724650
LTFRB_PUB1194,724594,,,,,,,0,0,724651
LTFRB_PUJ1172,724594,,,,,,,0,0,724652
LTFRB_PUJ2494,724594,,,,,,,0,0,724653
LTFRB_PUJ1020,724594,,,,,,,0,0,724654
LTFRB_PUJ1818,724594,,,,,,,0,0,724655
LTFRB_PUJ1782,724594,,,,,,,0,0,724656
LTFRB_PUJ2419,724594,,,,,,,0,0,724657
LTFRB_PUJ1472,724594,,,,,,,0,0,724658
LTFRB_PUJ1531,724594,,,,,,,0,0,724659
LTFRB_PUJ2244,724594,,,,,,,0,0,724660
LTFRB_PUJ2330,724594,,,,,,,0,0,724661
LTFRB_PUB1146,724594,,,,,,,0,0,724662
LTFRB_PUJ1638,724594,,,,,,,0,0,724663
LTFRB_PUJ1525,724594,,,,,,,0,0,724664
LTFRB_PUJ1793,724594,,,,,,,0,0,724665
LTFRB_PUJ1887,724594,,,,,,,0,0,724666
LTFRB_PUJ1223,724594,,,,,,,0,0,724667
LTFRB_PUB1150,724594,,,,,,,0,0,724668
LTFRB_PUJ1928,724594,,,,,,,0,0,724669
LTFRB_PUB1181,724594,,,,,,,0,0,724670
LTFRB_PUJ2462,724594,,,,,,,0,0,724671
LTFRB_PUJ1072,724594,,,,,,,0,0,724672
LTFRB_PUJ1174,724594,,,,,,,0,0,724673
LTFRB_PUJ2559,724594,,,,,,,0,0,724674
LTFRB_PUJ1294,724594,,,,,,,0,0,724675
LTFRB_PUJ1580,724594,,,,,,,0,0,724676
LTFRB_PUJ2280,724594,,,,,,,0,0,724677
LTFRB_PUJ1300,724594,,,,,,,0,0,724678
LTFRB_PUJ1610,724594,,,,,,,0,0,724679
LTFRB_PUB1085,724594,,,,,,,0,0,724680
LTFRB_PUJ1741,724594,,,,,,,0,0,724681
LTFRB_PUJ2605,724594,,,,,,,0,0,724682
LTFRB_PUB1142,724594,,,,,,,0,0,724683
LTFRB_PUJ1169,724594,,,,,,,0,0,724684
LTFRB_PUJ2272,724594,,,,,,,0,0,724685
LTFRB_PUJ2590,724594,,,,,,,0,0,724686
LTFRB_PUJ1291,724594,,,,,,,0,0,724687
LTFRB_PUJ1454,724594,,,,,,,0,0,724688
LTFRB_PUJ2141,724594,,,,,,,0,0,724689
LTFRB_PUJ2496,724594,,,,,,,0,0,724690
LTFRB_PUJ1845,724594,,,,,,,0,0,724691
LTFRB_PUJ2392,724594,,,,,,,0,0,724692
LTFRB_PUJ1457,724594,,,,,,,0,0,724693
LTFRB_PUJ1925,724594,,,,,,,0,0,724694
LTFRB_PUJ2299,724594,,,,,,,0,0,724695
LTFRB_PUJ1238,724594,,,,,,,0,0,724696
LTFRB_PUJ1312,724594,,,,,,,0,0,724697
LTFRB_PUJ1247,724594,,,,,,,0,0,724698
LTFRB_PUJ1824,724594,,,,,,,0,0,724699
LTFRB_PUJ2589,724594,,,,,,,0,0,724700
LTFRB_PUJ1405,724594,,,,,,,0,0,724701
LTFRB_PUB1022,724594,,,,,,,0,0,724702
LTFRB_PUJ1343,724594,,,,,,,0,0,724703
LTFRB_PUJ1916,724594,,,,,,,0,0,724704
LTFRB_PUJ1961,724594,,,,,,,0,0,724705
LTFRB_PUJ1558,724594,,,,,,,0,0,724706
LTFRB_PUJ1256,724594,,,,,,,0,0,724707
LTFRB_PUB1143,724594,,,,,,,0,0,724708
LTFRB_PUJ1368,724594,,,,,,,0,0,724709
LTFRB_PUJ2333,724594,,,,,,,0,0,724710
LTFRB_PUJ1397,724594,,,,,,,0,0,724711
LTFRB_PUJ2236,724594,,,,,,,0,0,724712
LTFRB_PUJ1701,724594,,,,,,,0,0,724713
LTFRB_PUB1062,724594,,,,,,,0,0,724714
LTFRB_PUJ1359,724594,,,,,,,0,0,724715
LTFRB_PUJ1991,724594,,,,,,,0,0,724716
LTFRB_PUJ2437,724594,,,,,,,0,0,724717
LTFRB_PUJ1612,724594,,,,,,,0,0,724718
LTFRB_PUJ1467,724594,,,,,,,0,0,724719
LTFRB_PUJ1784,724594,,,,,,,0,0,724720
LTFRB_PUJ1309,724594,,,,,,,0,0,724721
LTFRB_PUB1114,724594,,,,,,,0,0,724722
LTFRB_PUJ1796,724594,,,,,,,0,0,724723
LTFRB_PUJ2229,724594,,,,,,,0,0,724724
LTFRB_PUB1162,724594,,,,,,,0,0,724725
LTFRB_PUB1198,724594,,,,,,,0,0,724726
LTFRB_PUJ2255,724594,,,,,,,0,0,724727
LTFRB_PUJ1170,724594,,,,,,,0,0,724728
LTFRB_PUJ2275,724594,,,,,,,0,0,724729
LTFRB_PUJ1866,724594,,,,,,,0,0,724730
LTFRB_PUJ1259,724594,,,,,,,0,0,724731
LTFRB_PUJ1934,724594,,,,,,,0,0,724732
LTFRB_PUJ1911,724594,,,,,,,0,0,724733
LTFRB_PUJ2529,724594,,,,,,,0,0,724734
LTFRB_PUJ1402,724594,,,,,,,0,0,724735
LTFRB_PUJ1807,724594,,,,,,,0,0,724736
LTFRB_PUJ1341,724594,,,,,,,0,0,724737
LTFRB_PUJ1219,724594,,,,,,,0,0,724738
LTFRB_PUJ1624,724594,,,,,,,0,0,724739
LTFRB_PUJ1159,724594,,,,,,,0,0,724740
LTFRB_PUB1170,724594,,,,,,,0,0,724741
LTFRB_PUJ1067,724594,,,,,,,0,0,724742
LTFRB_PUJ1863,724594,,,,,,,0,0,724743
LTFRB_PUJ1980,724594,,,,,,,0,0,724744
LTFRB_PUJ1243,724594,,,,,,,0,0,724745
LTFRB_PUJ2181,724594,,,,,,,0,0,724746
LTFRB_PUJ1421,724594,,,,,,,0,0,724747
LTFRB_PUJ1333,724594,,,,,,,0,0,724748
LTFRB_PUJ1806,724594,,,,,,,0,0,724749
LTFRB_PUJ1137,724594,,,,,,,0,0,724750
LTFRB_PUJ1493,724594,,,,,,,0,0,724751
LTFRB_PUB1011,724594,,,,,,,0,0,724752
LTFRB_PUJ1924,724594,,,,,,,0,0,724753
LTFRB_PUJ1985,724594,,,,,,,0,0,724754
LTFRB_PUJ2575,724594,,,,,,,0,0,724755
LTFRB_PUJ1114,724594,,,,,,,0,0,724756
LTFRB_PUJ1790,724594,,,,,,,0,0,724757
LTFRB_PUJ2615,724594,,,,,,,0,0,724758
LTFRB_PUJ1779,724594,,,,,,,0,0,724759
LTFRB_PUJ1909,724594,,,,,,,0,0,724760
LTFRB_PUJ2193,724594,,,,,,,0,0,724761
LTFRB_PUJ2341,724594,,,,,,,0,0,724762
LTFRB_PUJ1196,724594,,,,,,,0,0,724763
LTFRB_PUJ2596,724594,,,,,,,0,0,724764
LTFRB_PUJ1731,724594,,,,,,,0,0,724766
LTFRB_PUJ1280,724594,,,,,,,0,0,724767
LTFRB_PUB1015,724594,,,,,,,0,0,724768
LTFRB_PUJ1608,724594,,,,,,,0,0,724769
LTFRB_PUJ1700,724594,,,,,,,0,0,724770
LTFRB_PUJ2224,724594,,,,,,,0,0,724771
LTFRB_PUB1121,724594,,,,,,,0,0,724772
LTFRB_PUJ1442,724594,,,,,,,0,0,724774
LTFRB_PUJ1484,724594,,,,,,,0,0,724775
LTFRB_PUB1127,724594,,,,,,,0,0,724776
LTFRB_PUJ1364,724594,,,,,,,0,0,724777
LTFRB_PUJ1866,724594,,,,,,,0,0,724778
LTFRB_PUJ2003,724594,,,,,,,0,0,724779
LTFRB_PUJ2286,724594,,,,,,,0,0,724780
LTFRB_PUJ2451,881579,,,,,,,0,0,724781
LTFRB_PUB1130,724594,,,,,,,0,0,724782
LTFRB_PUJ2023,724594,,,,,,,0,0,724783
LTFRB_PUJ1826,724594,,,,,,,0,0,724784
LTFRB_PUJ2265,724594,,,,,,,0,0,724785
LTFRB_PUJ1720,724594,,,,,,,0,0,724786
LTFRB_PUJ2206,724594,,,,,,,0,0,724787
LTFRB_PUJ1847,724594,,,,,,,0,0,724788
LTFRB_PUJ2418,724594,,,,,,,0,0,724789
LTFRB_PUJ2088,724594,,,,,,,0,0,724790
LTFRB_PUJ2295,724594,,,,,,,0,0,724791
LTFRB_PUJ1436,724594,,,,,,,0,0,724792
LTFRB_PUJ1643,724594,,,,,,,0,0,724793
LTFRB_PUJ1657,724594,,,,,,,0,0,724794
LTFRB_PUJ1962,724594,,,,,,,0,0,724795
LTFRB_PUJ1619,724594,,,,,,,0,0,724796
LTFRB_PUJ2017,724594,,,,,,,0,0,724797
LTFRB_PUJ1979,724594,,,,,,,0,0,724798
LTFRB_PUJ2060,724594,,,,,,,0,0,724799
LTFRB_PUJ1281,724594,,,,,,,0,0,724800
LTFRB_PUJ1604,724594,,,,,,,0,0,724801
LTFRB_PUJ2293,724594,,,,,,,0,0,724802
LTFRB_PUJ1735,724594,,,,,,,0,0,724803
LTFRB_PUJ1662,724594,,,,,,,0,0,724804
LTFRB_PUJ1702,724594,,,,,,,0,0,724805
LTFRB_PUJ2618,724594,,,,,,,0,0,724806
LTFRB_PUJ2259,724594,,,,,,,0,0,724807
LTFRB_PUJ2230,724594,,,,,,,0,0,724808
LTFRB_PUJ2273,724594,,,,,,,0,0,724809
LTFRB_PUJ1737,724594,,,,,,,0,0,724810
LTFRB_PUJ2208,724594,,,,,,,0,0,724811
LTFRB_PUJ1028,724594,,,,,,,0,0,724812
LTFRB_PUJ1355,724594,,,,,,,0,0,724813
LTFRB_PUJ1130,724594,,,,,,,0,0,724814
LTFRB_PUJ1621,724594,,,,,,,0,0,724815
LTFRB_PUJ1978,724594,,,,,,,0,0,724816
LTFRB_PUJ1417,724594,,,,,,,0,0,724817
LTFRB_PUJ1678,724594,,,,,,,0,0,724818
LTFRB_PUJ1706,724594,,,,,,,0,0,724819
LTFRB_PUJ1585,724594,,,,,,,0,0,724820
LTFRB_PUJ1349,724594,,,,,,,0,0,724821
LTFRB_PUJ1970,724594,,,,,,,0,0,724822
LTFRB_PUJ1592,724594,,,,,,,0,0,724823
LTFRB_PUJ1754,724594,,,,,,,0,0,724824
LTFRB_PUJ1008,724594,,,,,,,0,0,724825
LTFRB_PUJ1663,724594,,,,,,,0,0,724826
LTFRB_PUJ2000,724594,,,,,,,0,0,724827
LTFRB_PUJ1202,724594,,,,,,,0,0,724828
LTFRB_PUJ1042,724594,,,,,,,0,0,724829
LTFRB_PUJ1543,724594,,,,,,,0,0,724830
LTFRB_PUJ1392,724594,,,,,,,0,0,724831
LTFRB_PUJ2031,724594,,,,,,,0,0,724832
LTFRB_PUJ2117,724594,,,,,,,0,0,724833
LTFRB_PUJ1463,724594,,,,,,,0,0,724834
LTFRB_PUJ1129,724594,,,,,,,0,0,724835
LTFRB_PUJ1865,724594,,,,,,,0,0,724836
LTFRB_PUJ2323,724594,,,,,,,0,0,724837
LTFRB_PUJ2149,724594,,,,,,,0,0,724838
LTFRB_PUJ2491,724594,,,,,,,0,0,724839
LTFRB_PUJ1574,724594,,,,,,,0,0,724840
LTFRB_PUJ2092,724594,,,,,,,0,0,724841
LTFRB_PUJ1603,724594,,,,,,,0,0,724842
LTFRB_PUJ1342,724594,,,,,,,0,0,724843
LTFRB_PUJ1847,724594,,,,,,,0,0,724844
LTFRB_PUJ2536,724594,,,,,,,0,0,724845
LTFRB_PUJ1322,724594,,,,,,,0,0,724846
LTFRB_PUJ1018,724594,,,,,,,0,0,724847
LTFRB_PUJ2325,724594,,,,,,,0,0,724848
LTFRB_PUJ1683,724594,,,,,,,0,0,724849
LTFRB_PUJ2213,724594,,,,,,,0,0,724850
LTFRB_PUB1012,724594,,,,,,,0,0,724851
LTFRB_PUJ2025,724594,,,,,,,0,0,724852
LTFRB_PUJ1636,724594,,,,,,,0,0,724853
LTFRB_PUJ1986,724594,,,,,,,0,0,724854
LTFRB_PUJ2006,724594,,,,,,,0,0,724855
LTFRB_PUJ2226,724594,,,,,,,0,0,724856
LTFRB_PUJ1958,724594,,,,,,,0,0,724857
LTFRB_PUJ1595,724594,,,,,,,0,0,724858
LTFRB_PUJ1037,724594,,,,,,,0,0,724859
LTFRB_PUJ1957,724594,,,,,,,0,0,724860
LTFRB_PUJ1459,724594,,,,,,,0,0,724861
LTFRB_PUB1101,724594,,,,,,,0,0,724862
LTFRB_PUB1005,724594,,,,,,,0,0,724863
LTFRB_PUB1108,724594,,,,,,,0,0,724864
LTFRB_PUJ1070,724594,,,,,,,0,0,724865
LTFRB_PUJ1765,724594,,,,,,,0,0,724866
LTFRB_PUJ1668,724594,,,,,,,0,0,724867
LTFRB_PUJ1362,724594,,,,,,,0,0,724868
LTFRB_PUJ2084,724594,,,,,,,0,0,724869
LTFRB_PUJ1616,724594,,,,,,,0,0,724870
LTFRB_PUJ1640,724594,,,,,,,0,0,724871
LTFRB_PUJ2314,724594,,,,,,,0,0,724872
LTFRB_PUJ1050,724594,,,,,,,0,0,724873
LTFRB_PUJ2093,724594,,,,,,,0,0,724874
LTFRB_PUJ1369,724594,,,,,,,0,0,724875
LTFRB_PUJ1712,724594,,,,,,,0,0,724876
LTFRB_PUJ1425,724594,,,,,,,0,0,724877
LTFRB_PUJ1490,724594,,,,,,,0,0,724878
LTFRB_PUJ1081,724594,,,,,,,0,0,724879
LTFRB_PUJ1830,724594,,,,,,,0,0,724880
LTFRB_PUJ1086,724594,,,,,,,0,0,724881
LTFRB_PUJ2308,724594,,,,,,,0,0,724882
LTFRB_PUJ1715,724594,,,,,,,0,0,724883
LTFRB_PUJ1820,724594,,,,,,,0,0,724884
LTFRB_PUJ1698,724594,,,,,,,0,0,724885
LTFRB_PUJ1746,724594,,,,,,,0,0,724886
LTFRB_PUJ2485,724594,,,,,,,0,0,724887
LTFRB_PUJ1188,724594,,,,,,,0,0,724888
LTFRB_PUB1084,724594,,,,,,,0,0,724889
LTFRB_PUJ1893,724594,,,,,,,0,0,724890
LTFRB_PUJ1285,724594,,,,,,,0,0,724891
LTFRB_PUJ1471,724594,,,,,,,0,0,724892
LTFRB_PUJ1897,724594,,,,,,,0,0,724893
LTFRB_PUJ1689,724594,,,,,,,0,0,724894
LTFRB_PUB1038,724594,,,,,,,0,0,724895
LTFRB_PUJ1446,724594,,,,,,,0,0,724896
LTFRB_PUJ1152,724594,,,,,,,0,0,724897
LTFRB_PUB1188,724594,,,,,,,0,0,724898
LTFRB_PUB1178,724594,,,,,,,0,0,724899
LTFRB_PUJ2406,724594,,,,,,,0,0,724900
LTFRB_PUJ1554,724594,,,,,,,0,0,724901
LTFRB_PUJ1496,724594,,,,,,,0,0,724902
LTFRB_PUB1035,724594,,,,,,,0,0,724903
LTFRB_PUJ2253,724594,,,,,,,0,0,724904
LTFRB_PUJ1443,724594,,,,,,,0,0,724905
LTFRB_PUJ1381,724594,,,,,,,0,0,724906
LTFRB_PUJ2261,724594,,,,,,,0,0,724907
LTFRB_PUJ2310,724594,,,,,,,0,0,724908
LTFRB_PUJ1047,724594,,,,,,,0,0,724909
LTFRB_PUJ1438,724594,,,,,,,0,0,724910
LTFRB_PUJ2168,724594,,,,,,,0,0,724911
LTFRB_PUJ1087,724594,,,,,,,0,0,724912
LTFRB_PUJ2447,724594,,,,,,,0,0,724913
LTFRB_PUJ1010,724594,,,,,,,0,0,724914
LTFRB_PUJ2585,724594,,,,,,,0,0,724915
LTFRB_PUJ2531,724594,,,,,,,0,0,724916
LTFRB_PUJ2367,724594,,,,,,,0,0,724917
LTFRB_PUJ1145,724594,,,,,,,0,0,724918
LTFRB_PUJ2061,724594,,,,,,,0,0,724919
LTFRB_PUJ2174,724594,,,,,,,0,0,724920
LTFRB_PUJ1823,724594,,,,,,,0,0,724921
LTFRB_PUJ1367,724594,,,,,,,0,0,724922
LTFRB_PUJ1011,724594,,,,,,,0,0,724923
LTFRB_PUJ2303,724594,,,,,,,0,0,724924
LTFRB_PUJ2171,724594,,,,,,,0,0,724925
LTFRB_PUJ2557,724594,,,,,,,0,0,724926
LTFRB_PUJ1578,724594,,,,,,,0,0,724927
LTFRB_PUB1079,724594,,,,,,,0,0,724928
LTFRB_PUJ2436,724594,,,,,,,0,0,724929
LTFRB_PUJ2474,724594,,,,,,,0,0,724930
LTFRB_PUJ1429,724594,,,,,,,0,0,724931
LTFRB_PUJ1952,724594,,,,,,,0,0,724932
LTFRB_PUJ1980,724594,,,,,,,0,0,724933
LTFRB_PUJ1772,724594,,,,,,,0,0,724934
LTFRB_PUJ1542,724594,,,,,,,0,0,724935
LTFRB_PUJ1727,724594,,,,,,,0,0,724936
LTFRB_PUJ2327,724594,,,,,,,0,0,724937
LTFRB_PUJ1530,724594,,,,,,,0,0,724938
LTFRB_PUJ1770,724594,,,,,,,0,0,724939
LTFRB_PUJ1759,724594,,,,,,,0,0,724940
LTFRB_PUJ2516,724594,,,,,,,0,0,724941
LTFRB_PUJ2566,724594,,,,,,,0,0,724942
LTFRB_PUJ1445,724594,,,,,,,0,0,724943
LTFRB_PUJ1956,724594,,,,,,,0,0,724944
LTFRB_PUJ2538,724594,,,,,,,0,0,724945
LTFRB_PUJ1222,724594,,,,,,,0,0,724946
LTFRB_PUJ1717,724594,,,,,,,0,0,724947
LTFRB_PUJ1111,724594,,,,,,,0,0,724948
LTFRB_PUJ2218,724594,,,,,,,0,0,724949
LTFRB_PUB1047,724594,,,,,,,0,0,724950
LTFRB_PUJ1387,724594,,,,,,,0,0,724951
LTFRB_PUJ1898,724594,,,,,,,0,0,724952
LTFRB_PUJ2035,724594,,,,,,,0,0,724953
LTFRB_PUJ1005,724594,,,,,,,0,0,724954
LTFRB_PUJ1398,724594,,,,,,,0,0,724955
LTFRB_PUJ1108,724594,,,,,,,0,0,724956
LTFRB_PUJ1504,724594,,,,,,,0,0,724957
LTFRB_PUJ1943,724594,,,,,,,0,0,724958
LTFRB_PUJ2107,724594,,,,,,,0,0,724959
LTFRB_PUJ1151,724594,,,,,,,0,0,724960
LTFRB_PUJ2612,724594,,,,,,,0,0,724961
LTFRB_PUJ1210,724594,,,,,,,0,0,724962
LTFRB_PUJ2008,724594,,,,,,,0,0,724963
LTFRB_PUJ2476,724594,,,,,,,0,0,724964
LTFRB_PUJ1656,724594,,,,,,,0,0,724965
LTFRB_PUJ2301,724594,,,,,,,0,0,724966
LTFRB_PUJ1680,724594,,,,,,,0,0,724967
LTFRB_PUJ2137,724594,,,,,,881761,0,0,724968
LTFRB_PUJ1645,724594,,,,,,,0,0,724969
LTFRB_PUJ1855,724594,,,,,,,0,0,724970
LTFRB_PUJ2001,724594,,,,,,,0,0,724971
LTFRB_PUJ2614,724594,,,,,,,0,0,724972
LTFRB_PUJ2169,724594,,,,,,,0,0,724973
LTFRB_PUJ1528,724594,,,,,,,0,0,724974
LTFRB_PUJ1193,724594,,,,,,,0,0,724975
LTFRB_PUJ1430,724594,,,,,,,0,0,724976
LTFRB_PUJ1799,724594,,,,,,,0,0,724977
LTFRB_PUJ1517,724594,,,,,,,0,0,724978
LTFRB_PUB1152,724594,,,,,,,0,0,724979
LTFRB_PUJ2349,724594,,,,,,,0,0,724980
LTFRB_PUJ1757,724594,,,,,,,0,0,724981
LTFRB_PUJ2097,724594,,,,,,,0,0,724982
LTFRB_PUJ1767,724594,,,,,,,0,0,724983
LTFRB_PUJ1870,724594,,,,,,,0,0,724984
LTFRB_PUJ2433,724594,,,,,,,0,0,724985
LTFRB_PUJ2370,724594,,,,,,,0,0,724986
LTFRB_PUJ1361,724594,,,,,,,0,0,724987
LTFRB_PUJ1609,724594,,,,,,,0,0,724988
LTFRB_PUJ1395,724594,,,,,,,0,0,724989
LTFRB_PUJ1391,724594,,,,,,,0,0,724990
LTFRB_PUJ2535,724594,,,,,,,0,0,724991
LTFRB_PUJ2591,724594,,,,,,,0,0,724992
LTFRB_PUJ2156,724594,,,,,,,0,0,724993
LTFRB_PUJ2290,724594,,,,,,,0,0,724994
LTFRB_PUJ2197,724594,,,,,,,0,0,724995
LTFRB_PUJ2212,724594,,,,,,,0,0,724996
LTFRB_PUJ2112,724594,,,,,,,0,0,724997
LTFRB_PUJ1011,724594,,,,,,,0,0,724998
LTFRB_PUJ2298,724594,,,,,,,0,0,724999
LTFRB_PUJ2008,724594,,,,,,,0,0,725000
LTFRB_PUJ2153,724594,,,,,,,0,0,725001
LTFRB_PUB1180,724594,,,,,,,0,0,725002
LTFRB_PUJ1154,724594,,,,,,,0,0,725003
LTFRB_PUJ1109,724594,,,,,,,0,0,725004
LTFRB_PUB1092,724594,,,,,,,0,0,725005
LTFRB_PUJ1730,724594,,,,,,,0,0,725006
LTFRB_PUJ1904,724594,,,,,,,0,0,725007
LTFRB_PUJ2414,724594,,,,,,,0,0,725008
LTFRB_PUJ1890,724594,,,,,,,0,0,725009
LTFRB_PUJ2235,724594,,,,,,,0,0,725010
LTFRB_PUJ1060,724594,,,,,,,0,0,725011
LTFRB_PUJ1080,724594,,,,,,,0,0,725012
LTFRB_PUJ2214,724594,,,,,,,0,0,725013
LTFRB_PUJ1537,724594,,,,,,,0,0,725014
LTFRB_PUJ1175,724594,,,,,,,0,0,725015
LTFRB_PUJ2309,724594,,,,,,,0,0,725016
LTFRB_PUB1126,724594,,,,,,,0,0,725017
LTFRB_PUJ1814,724594,,,,,,,0,0,725018
LTFRB_PUB1100,724594,,,,,,,0,0,725019
LTFRB_PUJ1901,724594,,,,,,,0,0,725020
LTFRB_PUB1019,724594,,,,,,,0,0,725021
LTFRB_PUJ1828,724594,,,,,,,0,0,725022
LTFRB_PUJ2532,724594,,,,,,,0,0,725023
LTFRB_PUB1070,724594,,,,,,,0,0,725024
LTFRB_PUJ1072,724594,,,,,,,0,0,725025
LTFRB_PUJ1888,724594,,,,,,,0,0,725026
LTFRB_PUJ1892,724594,,,,,,,0,0,725027
LTFRB_PUJ2046,724594,,,,,,,0,0,725028
LTFRB_PUJ2322,724594,,,,,,,0,0,725029
LTFRB_PUJ1133,724594,,,,,,,0,0,725030
LTFRB_PUJ1739,724594,,,,,,,0,0,725031
LTFRB_PUJ2432,724594,,,,,,,0,0,725032
LTFRB_PUJ1412,724594,,,,,,,0,0,725033
LTFRB_PUJ1812,724594,,,,,,,0,0,725034
LTFRB_PUJ1263,724594,,,,,,,0,0,725035
LTFRB_PUJ2334,724594,,,,,,,0,0,725036
LTFRB_PUB1176,724594,,,,,,,0,0,725037
LTFRB_PUJ1462,724594,,,,,,,0,0,725038
LTFRB_PUJ2545,724594,,,,,,,0,0,725039
LTFRB_PUJ1319,724594,,,,,,,0,0,725040
LTFRB_PUJ2070,724594,,,,,,,0,0,725041
LTFRB_PUB1175,724594,,,,,,,0,0,725042
LTFRB_PUJ2201,724594,,,,,,,0,0,725043
LTFRB_PUJ1744,724594,,,,,,,0,0,725044
LTFRB_PUJ2100,724594,,,,,,,0,0,725045
LTFRB_PUJ2562,724594,,,,,,,0,0,725046
LTFRB_PUJ1551,724594,,,,,,,0,0,725047
LTFRB_PUB1057,724594,,,,,,,0,0,725048
LTFRB_PUJ2540,724594,,,,,,,0,0,725049
LTFRB_PUB1158,724594,,,,,,,0,0,725050
LTFRB_PUJ2101,724594,,,,,,,0,0,725051
LTFRB_PUJ1913,724594,,,,,,,0,0,725052
LTFRB_PUJ1709,724594,,,,,,,0,0,725053
LTFRB_PUJ2560,724594,,,,,,,0,0,725054
LTFRB_PUJ2108,724594,,,,,,,0,0,725055
LTFRB_PUJ1168,724594,,,,,,,0,0,725056
LTFRB_PUJ2281,724594,,,,,,,0,0,725057
LTFRB_PUJ1485,724594,,,,,,,0,0,725058
LTFRB_PUB1050,724594,,,,,,,0,0,725059
LTFRB_PUJ1821,724594,,,,,,,0,0,725060
LTFRB_PUJ2321,724594,,,,,,,0,0,725061
LTFRB_PUB1068,724594,,,,,,,0,0,725062
LTFRB_PUJ2006,724594,,,,,,,0,0,725063
LTFRB_PUJ1304,724594,,,,,,,0,0,725064
LTFRB_PUJ2204,724594,,,,,,,0,0,725065
LTFRB_PUJ2369,724594,,,,,,,0,0,725066
LTFRB_PUJ1548,724594,,,,,,,0,0,725067
LTFRB_PUJ1535,724594,,,,,,,0,0,725068
LTFRB_PUJ2086,724594,,,,,,,0,0,725069
LTFRB_PUJ2357,724594,,,,,,,0,0,725070
LTFRB_PUJ1926,724594,,,,,,,0,0,725071
LTFRB_PUJ2386,724594,,,,,,,0,0,725072
LTFRB_PUJ2350,724594,,,,,,,0,0,725073
LTFRB_PUJ2388,724594,,,,,,,0,0,725074
LTFRB_PUJ1009,724594,,,,,,,0,0,725075
LTFRB_PUJ1640,724594,,,,,,,0,0,725076
LTFRB_PUJ1876,724594,,,,,,,0,0,725077
LTFRB_PUJ1801,724594,,,,,,,0,0,725078
LTFRB_PUJ1538,724594,,,,,,,0,0,725079
LTFRB_PUJ1992,724594,,,,,,,0,0,725080
LTFRB_PUJ1375,724594,,,,,,,0,0,725081
LTFRB_PUJ2219,724594,,,,,,,0,0,725082
LTFRB_PUB1060,724594,,,,,,,0,0,725083
LTFRB_PUJ2091,724594,,,,,,,0,0,725084
LTFRB_PUJ1160,724594,,,,,,,0,0,725085
LTFRB_PUJ1091,724594,,,,,,,0,0,725086
LTFRB_PUJ1881,724594,,,,,,,0,0,725087
LTFRB_PUJ1907,724594,,,,,,,0,0,725088
LTFRB_PUJ1062,724594,,,,,,,0,0,725089
LTFRB_PUJ1935,724594,,,,,,,0,0,725090
LTFRB_PUJ2200,724594,,,,,,,0,0,725091
LTFRB_PUJ1344,724594,,,,,,,0,0,725092
LTFRB_PUJ2145,724594,,,,,,,0,0,725093
LTFRB_PUJ2571,724594,,,,,,,0,0,725094
LTFRB_PUJ2553,724594,,,,,,,0,0,725095
LTFRB_PUB1124,724594,,,,,,,0,0,725096
LTFRB_PUJ2515,724594,,,,,,,0,0,725097
LTFRB_PUJ1125,724594,,,,,,,0,0,725098
LTFRB_PUJ1846,724594,,,,,,,0,0,725099
LTFRB_PUJ1736,724594,,,,,,,0,0,725100
LTFRB_PUJ1975,724594,,,,,,,0,0,725101
LTFRB_PUB1059,724594,,,,,,,0,0,725102
LTFRB_PUJ1406,724594,,,,,,,0,0,725103
LTFRB_PUJ1057,724594,,,,,,,0,0,725104
LTFRB_PUJ2163,724594,,,,,,,0,0,725105
LTFRB_PUJ2572,724594,,,,,,,0,0,725106
LTFRB_PUJ1194,724594,,,,,,,0,0,725107
LTFRB_PUJ1680,724594,,,,,,,0,0,725108
LTFRB_PUJ2071,724594,,,,,,,0,0,725109
LTFRB_PUB1167,724594,,,,,,,0,0,725110
LTFRB_PUJ1968,724594,,,,,,,0,0,725111
LTFRB_PUJ1234,724594,,,,,,,0,0,725112
LTFRB_PUJ1597,724594,,,,,,,0,0,725113
LTFRB_PUJ1189,724594,,,,,,,0,0,725114
LTFRB_PUJ2463,724594,,,,,,,0,0,725115
LTFRB_PUJ1056,724594,,,,,,,0,0,725116
LTFRB_PUJ2083,724594,,,,,,,0,0,725117
LTFRB_PUJ1802,724594,,,,,,,0,0,725118
LTFRB_PUB1048,724594,,,,,,,0,0,725119
LTFRB_PUJ2127,724594,,,,,,,0,0,725120
LTFRB_PUB1025,724594,,,,,,,0,0,725121
LTFRB_PUJ2440,724594,,,,,,,0,0,725122
LTFRB_PUJ1112,724594,,,,,,,0,0,725123
LTFRB_PUB1187,724594,,,,,,,0,0,725124
LTFRB_PUJ1917,724594,,,,,,,0,0,725125
LTFRB_PUB1141,724594,,,,,,,0,0,725126
LTFRB_PUJ1534,724594,,,,,,,0,0,725127
LTFRB_PUJ2256,724594,,,,,,,0,0,725128
LTFRB_PUJ1920,724594,,,,,,,0,0,725129
LTFRB_PUJ2102,724594,,,,,,,0,0,725130
LTFRB_PUB1033,724594,,,,,,,0,0,725131
LTFRB_PUJ2142,724594,,,,,,,0,0,725132
LTFRB_PUJ2544,724594,,,,,,,0,0,725133
LTFRB_PUJ1761,724594,,,,,,,0,0,725134
LTFRB_PUJ2130,724594,,,,,,,0,0,725135
LTFRB_PUJ2353,724594,,,,,,,0,0,725136
LTFRB_PUJ1625,724594,,,,,,,0,0,725137
LTFRB_PUJ2118,724594,,,,,,,0,0,725138
LTFRB_PUB1154,724594,,,,,,,0,0,725139
LTFRB_PUJ1516,724594,,,,,,,0,0,725140
LTFRB_PUJ1932,724594,,,,,,,0,0,725141
LTFRB_PUJ2537,724594,,,,,,,0,0,725142
LTFRB_PUJ1402,724594,,,,,,,0,0,725143
LTFRB_PUJ2188,724594,,,,,,,0,0,725144
LTFRB_PUJ1842,724594,,,,,,,0,0,725145
LTFRB_PUJ1955,724594,,,,,,,0,0,725146
LTFRB_PUJ1041,724594,,,,,,,0,0,725147
LTFRB_PUJ1724,724594,,,,,,,0,0,725148
LTFRB_PUJ2043,724594,,,,,,,0,0,725149
LTFRB_PUJ2490,724594,,,,,,,0,0,725150
LTFRB_PUJ1095,724594,,,,,,,0,0,725151
LTFRB_PUJ1697,724594,,,,,,,0,0,725152
LTFRB_PUJ1482,724594,,,,,,,0,0,725153
LTFRB_PUB1133,724594,,,,,,,0,0,725154
LTFRB_PUJ1903,724594,,,,,,,0,0,725155
LTFRB_PUJ2356,724594,,,,,,,0,0,725156
LTFRB_PUB1163,724594,,,,,,,0,0,725157
LTFRB_PUJ2570,724594,,,,,,,0,0,725158
LTFRB_PUJ2257,724594,,,,,,,0,0,725159
LTFRB_PUJ1220,724594,,,,,,,0,0,725160
LTFRB_PUJ1405,724594,,,,,,,0,0,725161
LTFRB_PUJ2450,724594,,,,,,,0,0,725162
LTFRB_PUJ1802,724594,,,,,,,0,0,725163
LTFRB_PUJ2247,724594,,,,,,,0,0,725164
LTFRB_PUB1155,724594,,,,,,,0,0,725165
LTFRB_PUJ2305,724594,,,,,,,0,0,725166
LTFRB_PUJ1693,724594,,,,,,,0,0,725167
LTFRB_PUJ1030,724594,,,,,,,0,0,725168
LTFRB_PUJ1688,724594,,,,,,,0,0,725169
LTFRB_PUJ2578,724594,,,,,,,0,0,725170
LTFRB_PUJ1497,724594,,,,,,,0,0,725171
LTFRB_PUJ2227,724594,,,,,,,0,0,725172
LTFRB_PUJ1501,724594,,,,,,,0,0,725173
LTFRB_PUJ1554,724594,,,,,,,0,0,725174
LTFRB_PUJ1447,724594,,,,,,,0,0,725175
LTFRB_PUJ1607,724594,,,,,,,0,0,725176
LTFRB_PUJ1332,724594,,,,,,,0,0,725177
LTFRB_PUJ1046,724594,,,,,,,0,0,725178
LTFRB_PUJ2279,724594,,,,,,,0,0,725179
LTFRB_PUB1082,724594,,,,,,,0,0,725180
LTFRB_PUJ1106,724594,,,,,,,0,0,725181
LTFRB_PUJ2331,724594,,,,,,,0,0,725182
LTFRB_PUJ1520,724594,,,,,,,0,0,725183
LTFRB_PUJ1687,724594,,,,,,,0,0,725184
LTFRB_PUB1045,724594,,,,,,,0,0,725185
LTFRB_PUJ1989,724594,,,,,,,0,0,725186
LTFRB_PUJ1418,724594,,,,,,,0,0,725187
LTFRB_PUJ1971,724594,,,,,,,0,0,725188
LTFRB_PUJ2079,724594,,,,,,,0,0,725189
LTFRB_PUJ2032,724594,,,,,,,0,0,725190
LTFRB_PUJ1874,724594,,,,,,,0,0,725191
LTFRB_PUJ1427,724594,,,,,,,0,0,725192
LTFRB_PUJ1239,724594,,,,,,,0,0,725193
LTFRB_PUB1103,724594,,,,,,,0,0,725194
LTFRB_PUJ2426,724594,,,,,,,0,0,725195
LTFRB_PUJ1895,724594,,,,,,,0,0,725196
LTFRB_PUJ2246,724594,,,,,,,0,0,725197
LTFRB_PUB1191,724594,,,,,,,0,0,725198
LTFRB_PUJ1837,724594,,,,,,,0,0,725199
LTFRB_PUJ1282,724594,,,,,,,0,0,725200
LTFRB_PUJ2124,724594,,,,,,,0,0,725201
LTFRB_PUJ1994,724594,,,,,,,0,0,725202
LTFRB_PUJ1561,724594,,,,,,,0,0,725203
LTFRB_PUJ1912,724594,,,,,,,0,0,725204
LTFRB_PUJ1449,724594,,,,,,,0,0,725205
LTFRB_PUJ2376,724594,,,,,,,0,0,725206
LTFRB_PUJ2065,724594,,,,,,,0,0,725207
LTFRB_PUJ2510,724594,,,,,,,0,0,725208
LTFRB_PUJ1251,724594,,,,,,,0,0,725209
LTFRB_PUJ1040,724594,,,,,,,0,0,725210
LTFRB_PUJ1385,724594,,,,,,,0,0,725211
LTFRB_PUJ2535,724594,,,,,,,0,0,725212
LTFRB_PUJ1988,724594,,,,,,,0,0,725213
LTFRB_PUJ2384,724594,,,,,,,0,0,725214
LTFRB_PUJ1630,724594,,,,,,,0,0,725215
LTFRB_PUJ2346,724594,,,,,,,0,0,725216
LTFRB_PUB1107,724594,,,,,,,0,0,725217
LTFRB_PUJ2400,724594,,,,,,,0,0,725218
LTFRB_PUJ1224,724594,,,,,,,0,0,725219
LTFRB_PUJ1253,724594,,,,,,,0,0,725220
LTFRB_PUJ1583,724594,,,,,,,0,0,725221
LTFRB_PUJ1853,724594,,,,,,,0,0,725222
LTFRB_PUJ1667,724594,,,,,,,0,0,725223
LTFRB_PUJ1559,724594,,,,,,,0,0,725224
LTFRB_PUJ1811,724594,,,,,,,0,0,725225
LTFRB_PUJ2340,724594,,,,,,,0,0,725226
LTFRB_PUJ1286,724594,,,,,,,0,0,725227
LTFRB_PUJ2472,724594,,,,,,,0,0,725228
LTFRB_PUJ2412,724594,,,,,,,0,0,725229
LTFRB_PUJ1372,724594,,,,,,,0,0,725230
LTFRB_PUJ1258,724594,,,,,,,0,0,725231
LTFRB_PUJ1252,724594,,,,,,,0,0,725232
LTFRB_PUJ1602,724594,,,,,,,0,0,725233
LTFRB_PUJ1682,724594,,,,,,,0,0,725234
LTFRB_PUJ2442,724594,,,,,,,0,0,725235
LTFRB_PUB1041,724594,,,,,,,0,0,725236
LTFRB_PUJ2597,724594,,,,,,,0,0,725237
LTFRB_PUJ1708,724594,,,,,,,0,0,725238
LTFRB_PUB1093,724594,,,,,,,0,0,725239
LTFRB_PUJ2582,724594,,,,,,,0,0,725240
LTFRB_PUJ1590,724594,,,,,,,0,0,725241
LTFRB_PUJ1278,724594,,,,,,,0,0,725242
LTFRB_PUJ1206,724594,,,,,,,0,0,725243
LTFRB_PUJ2511,724594,,,,,,,0,0,725244
LTFRB_PUJ1211,724594,,,,,,,0,0,725245
LTFRB_PUJ1203,724594,,,,,,,0,0,725246
LTFRB_PUJ1522,724594,,,,,,,0,0,725247
LTFRB_PUB1002,724594,,,,,,,0,0,725248
LTFRB_PUJ1696,724594,,,,,,,0,0,725249
LTFRB_PUJ1838,724594,,,,,,,0,0,725250
LTFRB_PUJ2453,724594,,,,,,,0,0,725251
LTFRB_PUJ1545,724594,,,,,,,0,0,725252
LTFRB_PUB1007,724594,,,,,,,0,0,725253
LTFRB_PUJ1878,724594,,,,,,,0,0,725254
LTFRB_PUJ2140,724594,,,,,,,0,0,725255
LTFRB_PUJ2253,724594,,,,,,,0,0,725256
LTFRB_PUJ2294,724594,,,,,,,0,0,725257
LTFRB_PUJ2574,724594,,,,,,,0,0,725258
LTFRB_PUJ2287,724594,,,,,,,0,0,725259
LTFRB_PUJ1264,724594,,,,,,,0,0,725260
LTFRB_PUJ1023,724594,,,,,,,0,0,725261
LTFRB_PUB1090,724594,,,,,,,0,0,725262
LTFRB_PUJ1103,724594,,,,,,,0,0,725263
LTFRB_PUJ2522,724594,,,,,,,0,0,725264
LTFRB_PUB1159,724594,,,,,,,0,0,725265
LTFRB_PUJ1426,724594,,,,,,,0,0,725266
LTFRB_PUJ2205,724594,,,,,,,0,0,725267
LTFRB_PUJ1289,724594,,,,,,,0,0,725268
LTFRB_PUJ2484,724594,,,,,,,0,0,725269
LTFRB_PUB1184,724594,,,,,,,0,0,725270
LTFRB_PUJ2506,724594,,,,,,,0,0,725271
LTFRB_PUJ2497,724594,,,,,,,0,0,725272
LTFRB_PUJ1963,724594,,,,,,,0,0,725273
LTFRB_PUJ2469,724594,,,,,,,0,0,725274
LTFRB_PUJ1487,724594,,,,,,,0,0,725275
LTFRB_PUJ1325,724594,,,,,,,0,0,725276
LTFRB_PUJ1622,724594,,,,,,,0,0,725277
LTFRB_PUJ1246,724594,,,,,,,0,0,725278
LTFRB_PUJ1882,724594,,,,,,,0,0,725279
LTFRB_PUB1029,724594,,,,,,,0,0,725280
LTFRB_PUB1148,724594,,,,,,,0,0,725281
LTFRB_PUJ2471,724594,,,,,,,0,0,725282
LTFRB_PUB1195,724594,,,,,,,0,0,725283
LTFRB_PUJ1598,724594,,,,,,,0,0,725284
LTFRB_PUJ1626,724594,,,,,,,0,0,725285
LTFRB_PUB1132,724594,,,,,,,0,0,725286
LTFRB_PUJ1563,724594,,,,,,,0,0,725287
LTFRB_PUJ2034,724594,,,,,,,0,0,725288
LTFRB_PUJ1311,724594,,,,,,,0,0,725289
LTFRB_PUJ1721,724594,,,,,,,0,0,725290
LTFRB_PUJ1795,724594,,,,,,,0,0,725291
LTFRB_PUJ1351,724594,,,,,,,0,0,725292
LTFRB_PUJ2004,724594,,,,,,,0,0,725293
LTFRB_PUJ1146,724594,,,,,,,0,0,725294
LTFRB_PUJ2336,724594,,,,,,,0,0,725295
LTFRB_PUJ1435,724594,,,,,,,0,0,725296
LTFRB_PUJ1950,724594,,,,,,,0,0,725297
LTFRB_PUJ1843,724594,,,,,,,0,0,725298
LTFRB_PUJ1063,724594,,,,,,,0,0,725299
LTFRB_PUJ2234,724594,,,,,,,0,0,725300
LTFRB_PUB1177,724594,,,,,,,0,0,725301
LTFRB_PUJ1794,724594,,,,,,,0,0,725302
LTFRB_PUJ2004,724594,,,,,,,0,0,725303
LTFRB_PUJ1262,724594,,,,,,,0,0,725304
LTFRB_PUJ1798,724594,,,,,,,0,0,725305
LTFRB_PUJ2525,724594,,,,,,,0,0,725306
LTFRB_PUJ1132,724594,,,,,,,0,0,725307
LTFRB_PUJ2223,724594,,,,,,,0,0,725308
LTFRB_PUJ2311,724594,,,,,,,0,0,725309
LTFRB_PUJ2081,724594,,,,,,,0,0,725310
LTFRB_PUJ1670,724594,,,,,,,0,0,725311
LTFRB_PUJ2235,724594,,,,,,,0,0,725312
LTFRB_PUJ1053,724594,,,,,,,0,0,725313
LTFRB_PUB1026,724594,,,,,,,0,0,725314
LTFRB_PUJ2378,724594,,,,,,,0,0,725315
LTFRB_PUJ2129,724594,,,,,,,0,0,725316
LTFRB_PUJ2266,724594,,,,,,,0,0,725317
LTFRB_PUB1016,724594,,,,,,,0,0,725318
LTFRB_PUJ1557,724594,,,,,,,0,0,725319
LTFRB_PUB1069,724594,,,,,,,0,0,725320
LTFRB_PUJ1144,724594,,,,,,,0,0,725321
LTFRB_PUJ1295,724594,,,,,,,0,0,725322
LTFRB_PUJ1157,724594,,,,,,,0,0,725323
LTFRB_PUJ1894,724594,,,,,,,0,0,725324
LTFRB_PUJ1113,724594,,,,,,,0,0,725325
LTFRB_PUJ1003,724594,,,,,,,0,0,725326
LTFRB_PUJ1550,724594,,,,,,,0,0,725327
LTFRB_PUJ1507,724594,,,,,,,0,0,725328
LTFRB_PUJ1664,724594,,,,,,,0,0,725329
LTFRB_PUJ2329,724594,,,,,,,0,0,725330
LTFRB_PUJ1960,724594,,,,,,,0,0,725331
LTFRB_PUJ2055,724594,,,,,,,0,0,725332
LTFRB_PUJ1661,724594,,,,,,,0,0,725333
LTFRB_PUB1183,724594,,,,,,,0,0,725334
LTFRB_PUB1063,724594,,,,,,,0,0,725335
LTFRB_PUJ2082,724594,,,,,,,0,0,725336
LTFRB_PUJ1788,724594,,,,,,,0,0,725337
LTFRB_PUJ2056,724594,,,,,,,0,0,725338
LTFRB_PUJ2318,724594,,,,,,,0,0,725339
LTFRB_PUJ1215,724594,,,,,,,0,0,725340
LTFRB_PUJ1974,724594,,,,,,,0,0,725341
LTFRB_PUJ1371,724594,,,,,,,0,0,725342
LTFRB_PUJ1288,724594,,,,,,,0,0,725343
LTFRB_PUJ1781,724594,,,,,,,0,0,725344
LTFRB_PUJ1993,724594,,,,,,,0,0,725345
LTFRB_PUJ1019,724594,,,,,,,0,0,725346
LTFRB_PUJ1430,724594,,,,,,,0,0,725347
LTFRB_PUJ1353,724594,,,,,,,0,0,725348
LTFRB_PUJ1533,724594,,,,,,,0,0,725349
LTFRB_PUJ1567,724594,,,,,,,0,0,725350
LTFRB_PUJ1655,724594,,,,,,,0,0,725351
LTFRB_PUJ1591,724594,,,,,,,0,0,725352
LTFRB_PUJ1948,724594,,,,,,,0,0,725353
LTFRB_PUJ1228,724594,,,,,,,0,0,725354
LTFRB_PUJ1962,724594,,,,,,,0,0,725355
LTFRB_PUJ2074,724594,,,,,,,0,0,725356
LTFRB_PUB1098,724594,,,,,,,0,0,725357
LTFRB_PUJ2361,724594,,,,,,,0,0,725358
LTFRB_PUJ2228,724594,,,,,,,0,0,725359
LTFRB_PUJ2446,724594,,,,,,,0,0,725360
LTFRB_PUB1139,724594,,,,,,,0,0,725361
LTFRB_PUJ1540,724594,,,,,,,0,0,725362
LTFRB_PUJ2058,724594,,,,,,,0,0,725363
LTFRB_PUJ1207,724594,,,,,,,0,0,725364
LTFRB_PUJ2573,724594,,,,,,,0,0,725365
LTFRB_PUJ2094,724594,,,,,,,0,0,725366
LTFRB_PUJ1104,724594,,,,,,,0,0,725367
LTFRB_PUJ2495,724594,,,,,,,0,0,725368
LTFRB_PUJ2459,724594,,,,,,,0,0,725369
LTFRB_PUB1144,724594,,,,,,,0,0,725370
LTFRB_PUJ2602,724594,,,,,,,0,0,725371
LTFRB_PUJ1128,724594,,,,,,,0,0,725372
LTFRB_PUJ2335,724594,,,,,,,0,0,725373
LTFRB_PUJ2332,724594,,,,,,,0,0,725374
LTFRB_PUB1051,724594,,,,,,,0,0,725375
LTFRB_PUJ1084,724594,,,,,,,0,0,725376
LTFRB_PUJ1645,724594,,,,,,,0,0,725377
LTFRB_PUB1120,724594,,,,,,,0,0,725378
LTFRB_PUJ2591,724594,,,,,,,0,0,725379
LTFRB_PUJ2073,724594,,,,,,,0,0,725380
LTFRB_PUB1009,724594,,,,,,,0,0,725381
LTFRB_PUJ1323,724594,,,,,,,0,0,725382
LTFRB_PUJ1004,724594,,,,,,881760,0,0,725383
LTFRB_PUJ2423,724594,,,,,,,0,0,725384
LTFRB_PUJ1360,724594,,,,,,,0,0,725385
LTFRB_PUJ1277,724594,,,,,,,0,0,725386
LTFRB_PUJ1721,724594,,,,,,,0,0,725387
LTFRB_PUJ1995,724594,,,,,,,0,0,725388
LTFRB_PUJ2274,724594,,,,,,,0,0,725389
LTFRB_PUJ1805,724594,,,,,,,0,0,725390
LTFRB_PUJ2267,724594,,,,,,,0,0,725391
LTFRB_PUJ2549,724594,,,,,,,0,0,725392
LTFRB_PUJ1519,724594,,,,,,,0,0,725393
LTFRB_PUJ1857,724594,,,,,,,0,0,725394
LTFRB_PUJ2348,724594,,,,,,,0,0,725395
LTFRB_PUJ1366,724594,,,,,,,0,0,725396
LTFRB_PUJ1315,724594,,,,,,,0,0,725397
LTFRB_PUJ2507,724594,,,,,,,0,0,725398
LTFRB_PUJ2498,724594,,,,,,,0,0,725399
LTFRB_PUJ1407,724594,,,,,,,0,0,725400
LTFRB_PUJ1107,724594,,,,,,,0,0,725401
LTFRB_PUJ2288,724594,,,,,,,0,0,725402
LTFRB_PUB1110,724594,,,,,,,0,0,725403
LTFRB_PUJ1066,724594,,,,,,,0,0,725404
LTFRB_PUJ1352,724594,,,,,,,0,0,725405
LTFRB_PUJ2010,724594,,,,,,,0,0,725406
LTFRB_PUJ2258,724594,,,,,,,0,0,725407
LTFRB_PUJ1742,724594,,,,,,,0,0,725408
LTFRB_PUJ1631,724594,,,,,,,0,0,725409
LTFRB_PUJ2042,724594,,,,,,,0,0,725410
LTFRB_PUJ2296,724594,,,,,,,0,0,725411
LTFRB_PUJ1077,724594,,,,,,,0,0,725412
LTFRB_PUJ1199,724594,,,,,,,0,0,725413
LTFRB_PUJ1914,724594,,,,,,,0,0,725414
LTFRB_PUJ1750,724594,,,,,,,0,0,725415
LTFRB_PUJ2150,724594,,,,,,,0,0,725416
LTFRB_PUJ2030,724594,,,,,,,0,0,725417
LTFRB_PUJ1002,724594,,,,,,,0,0,725418
LTFRB_PUJ2504,724594,,,,,,,0,0,725419
LTFRB_PUJ2363,724594,,,,,,,0,0,725420
LTFRB_PUJ1088,724594,,,,,,,0,0,725421
LTFRB_PUJ2040,724594,,,,,,,0,0,725422
LTFRB_PUJ2111,724594,,,,,,,0,0,725423
LTFRB_PUB1097,724594,,,,,,,0,0,725424
LTFRB_PUB1137,724594,,,,,,,0,0,725425
LTFRB_PUJ1672,724594,,,,,,,0,0,725426
LTFRB_PUJ2399,724594,,,,,,,0,0,725427
LTFRB_PUJ1763,724594,,,,,,,0,0,725428
LTFRB_PUJ2327,724594,,,,,,,0,0,725429
LTFRB_PUJ1777,724594,,,,,,,0,0,725430
LTFRB_PUJ1771,724594,,,,,,,0,0,725431
LTFRB_PUJ1990,724594,,,,,,,0,0,725432
LTFRB_PUJ2411,724594,,,,,,,0,0,725433
LTFRB_PUJ1365,724594,,,,,,,0,0,725434
LTFRB_PUJ2342,724594,,,,,,,0,0,725435
LTFRB_PUJ1719,724594,,,,,,,0,0,725436
LTFRB_PUJ2119,724594,,,,,,,0,0,725437
LTFRB_PUJ1318,724594,,,,,,,0,0,725438
LTFRB_PUJ1491,724594,,,,,,,0,0,725439
LTFRB_PUB1118,724594,,,,,,,0,0,725440
LTFRB_PUJ1085,724594,,,,,,,0,0,725441
LTFRB_PUJ2110,724594,,,,,,,0,0,725442
LTFRB_PUJ2604,724594,,,,,,,0,0,725443
LTFRB_PUJ2326,724594,,,,,,,0,0,725444
LTFRB_PUJ2405,724594,,,,,,,0,0,725445
LTFRB_PUJ1703,724594,,,,,,,0,0,725446
LTFRB_PUJ1899,724594,,,,,,,0,0,725447
LTFRB_PUJ1658,724594,,,,,,,0,0,725448
LTFRB_PUJ1877,724594,,,,,,,0,0,725449
LTFRB_PUJ2039,724594,,,,,,,0,0,725450
LTFRB_PUJ2481,724594,,,,,,,0,0,725451
LTFRB_PUJ1073,724594,,,,,,,0,0,725452
LTFRB_PUJ2398,724594,,,,,,,0,0,725453
LTFRB_PUJ2190,724594,,,,,,,0,0,725454
LTFRB_PUJ2379,724594,,,,,,,0,0,725455
LTFRB_PUJ2166,724594,,,,,,,0,0,725456
LTFRB_PUJ2339,724594,,,,,,,0,0,725457
LTFRB_PUJ1677,724594,,,,,,,0,0,725458
LTFRB_PUJ2527,724594,,,,,,,0,0,725459
LTFRB_PUJ1743,724594,,,,,,,0,0,725460
LTFRB_PUJ1804,724594,,,,,,,0,0,725461
LTFRB_PUJ2364,724594,,,,,,,0,0,725462
LTFRB_PUJ1356,724594,,,,,,,0,0,725463
LTFRB_PUJ2249,724594,,,,,,,0,0,725464
LTFRB_PUJ1880,724594,,,,,,,0,0,725465
LTFRB_PUJ1611,724594,,,,,,,0,0,725466
LTFRB_PUJ1786,724594,,,,,,,0,0,725467
LTFRB_PUJ1732,724594,,,,,,,0,0,725468
LTFRB_PUJ1512,724594,,,,,,,0,0,725469
LTFRB_PUJ1051,724594,,,,,,,0,0,725470
LTFRB_PUJ1232,724594,,,,,,,0,0,725471
LTFRB_PUJ1118,724594,,,,,,,0,0,725472
LTFRB_PUJ1291,724594,,,,,,,0,0,725473
LTFRB_PUJ2394,724594,,,,,,,0,0,725474
LTFRB_PUJ1886,724594,,,,,,,0,0,725475
LTFRB_PUJ1468,724594,,,,,,,0,0,725476
LTFRB_PUJ2345,724594,,,,,,,0,0,725477
LTFRB_PUJ2107,724594,,,,,,,0,0,725478
LTFRB_PUJ2290,724594,,,,,,,0,0,725479
LTFRB_PUB1102,724594,,,,,,,0,0,725480
LTFRB_PUJ1024,724594,,,,,,,0,0,725481
LTFRB_PUJ2069,724594,,,,,,,0,0,725482
LTFRB_PUJ1460,724594,,,,,,,0,0,725483
LTFRB_PUJ1331,724594,,,,,,,0,0,725484
LTFRB_PUJ1079,724594,,,,,,,0,0,725485
LTFRB_PUJ1124,724594,,,,,,,0,0,725486
LTFRB_PUJ1671,724594,,,,,,,0,0,725487
LTFRB_PUJ2424,724594,,,,,,,0,0,725489
LTFRB_PUJ2483,724594,,,,,,,0,0,725490
LTFRB_PUB1104,724594,,,,,,,0,0,725491
LTFRB_PUJ1148,724594,,,,,,,0,0,725492
LTFRB_PUJ1831,724594,,,,,,,0,0,725493
LTFRB_PUJ2155,724594,,,,,,,0,0,725494
LTFRB_PUJ2482,724594,,,,,,,0,0,725495
LTFRB_PUB1091,724594,,,,,,,0,0,725496
LTFRB_PUJ2401,724594,,,,,,,0,0,725497
LTFRB_PUJ2403,724594,,,,,,,0,0,725498
LTFRB_PUJ1038,724594,,,,,,,0,0,725499
LTFRB_PUJ1161,724594,,,,,,,0,0,725500
LTFRB_PUJ1328,724594,,,,,,,0,0,725501
LTFRB_PUJ1199,724594,,,,,,,0,0,725502
LTFRB_PUJ1456,724594,,,,,,,0,0,725503
LTFRB_PUJ1738,724594,,,,,,,0,0,725504
LTFRB_PUJ1104,724594,,,,,,,0,0,725505
LTFRB_PUJ1237,724594,,,,,,,0,0,725506
LTFRB_PUJ1090,724594,,,,,,,0,0,725507
LTFRB_PUJ1464,724594,,,,,,,0,0,725508
LTFRB_PUJ2199,724594,,,,,,,0,0,725509
LTFRB_PUB1020,724594,,,,,,,0,0,725510
LTFRB_PUJ2438,724594,,,,,,,0,0,725511
LTFRB_PUJ2036,724594,,,,,,,0,0,725512
LTFRB_PUJ2449,724594,,,,,,,0,0,725513
LTFRB_PUJ2240,724594,,,,,,,0,0,725514
LTFRB_PUJ2160,724594,,,,,,,0,0,725515
LTFRB_PUJ2533,724594,,,,,,,0,0,725516
LTFRB_PUJ2179,724594,,,,,,,0,0,725517
LTFRB_PUJ1270,724594,,,,,,,0,0,725518
LTFRB_PUB1037,724594,,,,,,,0,0,725519
LTFRB_PUB1072,724594,,,,,,,0,0,725520
LTFRB_PUJ1354,724594,,,,,,,0,0,725521
LTFRB_PUJ1386,724594,,,,,,,0,0,725522
LTFRB_PUJ1965,724594,,,,,,,0,0,725523
LTFRB_PUJ1305,724594,,,,,,,0,0,725524
LTFRB_PUJ1015,724594,,,,,,,0,0,725525
LTFRB_PUJ1317,724594,,,,,,,0,0,725526
LTFRB_PUJ1045,724594,,,,,,,0,0,725527
LTFRB_PUJ2316,724594,,,,,,,0,0,725528
LTFRB_PUJ1167,724594,,,,,,,0,0,725529
LTFRB_PUJ2158,724594,,,,,,,0,0,725530
LTFRB_PUJ2518,724594,,,,,,,0,0,725531
LTFRB_PUJ2425,724594,,,,,,,0,0,725532
LTFRB_PUJ1577,724594,,,,,,,0,0,725533
LTFRB_PUJ1409,724594,,,,,,,0,0,725534
LTFRB_PUJ1549,724594,,,,,,,0,0,725535
LTFRB_PUJ2231,724594,,,,,,,0,0,725536
LTFRB_PUJ1966,724594,,,,,,,0,0,725537
LTFRB_PUJ1816,724594,,,,,,,0,0,725538
LTFRB_PUJ1765,724594,,,,,,,0,0,725539
LTFRB_PUJ1298,724594,,,,,,,0,0,725540
LTFRB_PUJ1634,724594,,,,,,,0,0,725541
LTFRB_PUJ1573,724594,,,,,,,0,0,725542
LTFRB_PUJ1498,724594,,,,,,,0,0,725543
LTFRB_PUJ2203,724594,,,,,,,0,0,725544
LTFRB_PUJ2315,724594,,,,,,,0,0,725545
LTFRB_PUJ1436,724594,,,,,,,0,0,725546
LTFRB_PUJ1227,724594,,,,,,,0,0,725547
LTFRB_PUB1065,724594,,,,,,,0,0,725548
LTFRB_PUJ1396,724594,,,,,,,0,0,725549
LTFRB_PUJ1508,724594,,,,,,,0,0,725550
LTFRB_PUJ2457,724594,,,,,,,0,0,725551
LTFRB_PUB1028,724594,,,,,,,0,0,725552
LTFRB_PUJ1868,724594,,,,,,,0,0,725553
LTFRB_PUJ1949,724594,,,,,,,0,0,725554
LTFRB_PUJ2270,724594,,,,,,,0,0,725555
LTFRB_PUJ1374,724594,,,,,,,0,0,725556
LTFRB_PUJ1131,724594,,,,,,,0,0,725557
LTFRB_PUJ2125,724594,,,,,,,0,0,725558
LTFRB_PUJ2033,724594,,,,,,,0,0,725559
LTFRB_PUJ1031,724594,,,,,,,0,0,725560
LTFRB_PUJ1876,724594,,,,,,,0,0,725561
LTFRB_PUJ1110,724594,,,,,,,0,0,725562
LTFRB_PUJ2433,724594,,,,,,,0,0,725563
LTFRB_PUJ1494,724594,,,,,,,0,0,725564
LTFRB_PUJ1492,724594,,,,,,,0,0,725565
LTFRB_PUJ1724,724594,,,,,,,0,0,725566
LTFRB_PUJ2147,724594,,,,,,,0,0,725567
LTFRB_PUJ2152,724594,,,,,,,0,0,725568
LTFRB_PUB1058,724594,,,,,,,0,0,725569
LTFRB_PUJ1628,724594,,,,,,,0,0,725570
LTFRB_PUJ2556,724594,,,,,,,0,0,725571
LTFRB_PUJ2300,724594,,,,,,,0,0,725572
LTFRB_PUJ1474,724594,,,,,,,0,0,725574
LTFRB_PUJ2262,724594,,,,,,,0,0,725575
LTFRB_PUJ1218,724594,,,,,,,0,0,725576
LTFRB_PUJ1752,724594,,,,,,,0,0,725577
LTFRB_PUJ2087,724594,,,,,,,0,0,725578
LTFRB_PUB1160,724594,,,,,,,0,0,725579
LTFRB_PUJ1651,724594,,,,,,,0,0,725580
LTFRB_PUJ1069,724594,,,,,,,0,0,725581
LTFRB_PUJ2456,724594,,,,,,,0,0,725582
LTFRB_PUJ2113,724594,,,,,,,0,0,725583
LTFRB_PUJ1749,724594,,,,,,,0,0,725584
LTFRB_PUJ2502,724594,,,,,,,0,0,725585
LTFRB_PUJ2561,724594,,,,,,,0,0,725586
LTFRB_PUJ1488,724594,,,,,,,0,0,725587
LTFRB_PUJ2192,724594,,,,,,,0,0,725588
LTFRB_PUJ1432,724594,,,,,,,0,0,725589
LTFRB_PUJ1149,724594,,,,,,,0,0,725590
LTFRB_PUJ2175,724594,,,,,,,0,0,725591
LTFRB_PUJ1978,724594,,,,,,,0,0,725592
LTFRB_PUJ1455,724594,,,,,,,0,0,725593
LTFRB_PUJ1221,724594,,,,,,,0,0,725594
LTFRB_PUB1080,724594,,,,,,,0,0,725595
LTFRB_PUB1155,724594,,,,,,,0,0,725596
LTFRB_PUJ2037,724594,,,,,,,0,0,725597
LTFRB_PUJ1527,724594,,,,,,,0,0,725598
LTFRB_PUJ1383,724594,,,,,,,0,0,725599
LTFRB_PUJ2277,724594,,,,,,,0,0,725600
LTFRB_PUB1031,724594,,,,,,,0,0,725601
LTFRB_PUJ1016,724594,,,,,,,0,0,725602
LTFRB_PUJ1121,724594,,,,,,,0,0,725603
LTFRB_PUJ1659,724594,,,,,,,0,0,725604
LTFRB_PUB1111,724594,,,,,,,0,0,725605
LTFRB_PUJ1257,724594,,,,,,,0,0,725606
LTFRB_PUJ1346,724594,,,,,,,0,0,725607
LTFRB_PUJ1413,724594,,,,,,,0,0,725608
LTFRB_PUJ1840,724594,,,,,,,0,0,725609
LTFRB_PUJ1821,724594,,,,,,,0,0,725610
LTFRB_PUB1030,724594,,,,,,,0,0,725611
LTFRB_PUJ1588,724594,,,,,,,0,0,725612
LTFRB_PUJ2389,724594,,,,,,,0,0,725613
LTFRB_PUJ2528,724594,,,,,,,0,0,725614
LTFRB_PUJ2186,724594,,,,,,,0,0,725615
LTFRB_PUJ1613,724594,,,,,,,0,0,725616
LTFRB_PUJ2121,724594,,,,,,,0,0,725617
LTFRB_PUB1039,724594,,,,,,,0,0,725618
LTFRB_PUJ2422,724594,,,,,,,0,0,725619
LTFRB_PUJ1155,724594,,,,,,,0,0,725620
LTFRB_PUJ1310,724594,,,,,,,0,0,725621
LTFRB_PUJ2514,724594,,,,,,,0,0,725622
LTFRB_PUJ1140,724594,,,,,,,0,0,725623
LTFRB_PUJ1599,724594,,,,,,,0,0,725624
LTFRB_PUJ1297,724594,,,,,,,0,0,725625
LTFRB_PUJ1839,724594,,,,,,,0,0,725626
LTFRB_PUJ1321,724594,,,,,,,0,0,725627
LTFRB_PUJ1869,724594,,,,,,,0,0,725628
LTFRB_PUJ1905,724594,,,,,,,0,0,725629
LTFRB_PUJ2439,724594,,,,,,,0,0,725630
LTFRB_PUJ2420,724594,,,,,,,0,0,725631
LTFRB_PUJ2521,724594,,,,,,,0,0,725632
LTFRB_PUJ1673,724594,,,,,,,0,0,725633
LTFRB_PUJ1596,724594,,,,,,,0,0,725634
LTFRB_PUJ1677,724594,,,,,,,0,0,725635
LTFRB_PUJ2131,724594,,,,,,,0,0,725636
LTFRB_PUJ2029,724594,,,,,,,0,0,725637
LTFRB_PUJ2359,724594,,,,,,,0,0,725638
LTFRB_PUJ2132,724594,,,,,,,0,0,725639
LTFRB_PUB1055,724594,,,,,,,0,0,725640
LTFRB_PUJ1486,724594,,,,,,,0,0,725641
LTFRB_PUJ1236,724594,,,,,,,0,0,725642
LTFRB_PUJ1184,724594,,,,,,,0,0,725643
LTFRB_PUJ1094,724594,,,,,,,0,0,725644
LTFRB_PUJ2493,724594,,,,,,,0,0,725645
LTFRB_PUB1042,724594,,,,,,,0,0,725646
LTFRB_PUJ1665,724594,,,,,,,0,0,725647
LTFRB_PUJ1229,724594,,,,,,,0,0,725648
LTFRB_PUJ1268,724594,,,,,,,0,0,725649
LTFRB_PUJ2196,724594,,,,,,,0,0,725650
LTFRB_PUJ1347,724594,,,,,,,0,0,725651
LTFRB_PUJ1388,724594,,,,,,,0,0,725652
LTFRB_PUJ1502,724594,,,,,,,0,0,725653
LTFRB_PUJ2054,724594,,,,,,,0,0,725654
LTFRB_PUJ2221,724594,,,,,,,0,0,725655
LTFRB_PUJ2470,724594,,,,,,,0,0,725656
LTFRB_PUB1049,724594,,,,,,,0,0,725657
LTFRB_PUB1003,724594,,,,,,,0,0,725658
LTFRB_PUJ1431,724594,,,,,,,0,0,725659
LTFRB_PUJ1856,724594,,,,,,,0,0,725660
LTFRB_PUJ2617,724594,,,,,,,0,0,725661
LTFRB_PUJ1134,724594,,,,,,,0,0,725662
LTFRB_PUJ1594,724594,,,,,,,0,0,725663
LTFRB_PUJ2410,724594,,,,,,,0,0,725664
LTFRB_PUJ2445,724594,,,,,,,0,0,725665
LTFRB_PUJ2487,724594,,,,,,,0,0,725666
LTFRB_PUJ1422,724594,,,,,,,0,0,725667
LTFRB_PUJ1510,724594,,,,,,,0,0,725668
LTFRB_PUJ1201,724594,,,,,,,0,0,725669
LTFRB_PUJ2415,724594,,,,,,,0,0,725670
LTFRB_PUJ1792,724594,,,,,,,0,0,725671
LTFRB_PUJ2194,724594,,,,,,,0,0,725672
LTFRB_PUJ2320,724594,,,,,,,0,0,725673
LTFRB_PUJ1171,724594,,,,,,,0,0,725674
LTFRB_PUJ2427,724594,,,,,,,0,0,725675
LTFRB_PUJ1929,724594,,,,,,,0,0,725676
LTFRB_PUJ2455,724594,,,,,,,0,0,725677
LTFRB_PUJ2393,724594,,,,,,,0,0,725678
LTFRB_PUJ1972,724594,,,,,,,0,0,725679
LTFRB_PUB1156,724594,,,,,,,0,0,725680
LTFRB_PUJ1098,724594,,,,,,,0,0,725681
LTFRB_PUJ2599,724594,,,,,,,0,0,725682
LTFRB_PUJ2431,724594,,,,,,,0,0,725683
LTFRB_PUJ1147,724594,,,,,,,0,0,725684
LTFRB_PUJ2558,724594,,,,,,,0,0,725685
LTFRB_PUJ1250,724594,,,,,,,0,0,725686
LTFRB_PUJ2283,724594,,,,,,,0,0,725687
LTFRB_PUJ2251,724594,,,,,,,0,0,725688
LTFRB_PUJ1180,724594,,,,,,,0,0,725689
LTFRB_PUJ1551,724594,,,,,,,0,0,725690
LTFRB_PUJ1940,724594,,,,,,,0,0,725691
LTFRB_PUJ2178,724594,,,,,,,0,0,725692
LTFRB_PUJ1524,724594,,,,,,,0,0,725693
LTFRB_PUJ2028,724594,,,,,,,0,0,725694
LTFRB_PUJ1334,724594,,,,,,,0,0,725695
LTFRB_PUJ1953,724594,,,,,,,0,0,725696
LTFRB_PUJ1123,724594,,,,,,,0,0,725697
LTFRB_PUJ1001,724594,,,,,,,0,0,725698
LTFRB_PUJ2151,724594,,,,,,,0,0,725699
LTFRB_PUJ1948,724594,,,,,,,0,0,725700
LTFRB_PUJ1097,724594,,,,,,,0,0,725701
LTFRB_PUB1008,724594,,,,,,,0,0,725702
LTFRB_PUJ2567,724594,,,,,,,0,0,725703
LTFRB_PUJ1716,724594,,,,,,,0,0,725704
LTFRB_PUJ2170,724594,,,,,,,0,0,725705
LTFRB_PUJ2508,724594,,,,,,,0,0,725706
LTFRB_PUB1036,724594,,,,,,,0,0,725707
LTFRB_PUB1123,724594,,,,,,,0,0,725708
LTFRB_PUB1149,724594,,,,,,,0,0,725709
LTFRB_PUJ1469,724594,,,,,,,0,0,725710
LTFRB_PUB1054,724594,,,,,,,0,0,725711
LTFRB_PUJ1919,724594,,,,,,,0,0,725712
LTFRB_PUJ1544,724594,,,,,,,0,0,725713
LTFRB_PUJ1204,724594,,,,,,,0,0,725714
LTFRB_PUJ1198,724594,,,,,,,0,0,725715
LTFRB_PUJ2535,724594,,,,,,,0,0,725716
LTFRB_PUJ1273,724594,,,,,,,0,0,725717
LTFRB_PUJ1511,724594,,,,,,,0,0,725718
LTFRB_PUJ2138,724594,,,,,,,0,0,725720
LTFRB_PUJ2579,724594,,,,,,,0,0,725721
LTFRB_PUJ2238,724594,,,,,,,0,0,725722
LTFRB_PUJ1594,724594,,,,,,,0,0,725723
LTFRB_PUJ2019,724594,,,,,,,0,0,725724
LTFRB_PUJ2578,724594,,,,,,,0,0,725725
LTFRB_PUJ2354,724594,,,,,,,0,0,725726
LTFRB_PUJ1183,724594,,,,,,,0,0,725727
LTFRB_PUJ1410,724594,,,,,,,0,0,725728
LTFRB_PUJ1078,724594,,,,,,,0,0,725729
LTFRB_PUB1193,724594,,,,,,,0,0,725730
LTFRB_PUJ2607,724594,,,,,,,0,0,725731
LTFRB_PUJ1893,724594,,,,,,,0,0,725732
LTFRB_PUJ1860,724594,,,,,,,0,0,725733
LTFRB_PUJ1043,724594,,,,,,,0,0,725734
LTFRB_PUJ1230,724594,,,,,,,0,0,725735
LTFRB_PUJ2077,724594,,,,,,,0,0,725736
LTFRB_PUJ1564,724594,,,,,,,0,0,725737
LTFRB_PUJ1684,724594,,,,,,,0,0,725738
LTFRB_PUJ1255,724594,,,,,,,0,0,725739
LTFRB_PUJ1723,724594,,,,,,,0,0,725740
LTFRB_PUJ2452,724594,,,,,,,0,0,725741
LTFRB_PUJ1570,724594,,,,,,,0,0,725742
LTFRB_PUB1024,724594,,,,,,,0,0,725743
LTFRB_PUJ2096,724594,,,,,,,0,0,725744
LTFRB_PUJ1411,724594,,,,,,,0,0,725745
LTFRB_PUJ2195,724594,,,,,,,0,0,725746
LTFRB_PUJ2233,724594,,,,,,,0,0,725747
LTFRB_PUJ2581,724594,,,,,,,0,0,725748
LTFRB_PUJ1514,724594,,,,,,,0,0,725749
LTFRB_PUJ1582,724594,,,,,,,0,0,725750
LTFRB_PUJ1064,724594,,,,,,,0,0,725751
LTFRB_PUB1145,724594,,,,,,,0,0,725752
LTFRB_PUJ2024,724594,,,,,,,0,0,725753
LTFRB_PUJ1061,724594,,,,,,,0,0,725754
LTFRB_PUJ2125,724594,,,,,,,0,0,725755
LTFRB_PUJ2005,724594,,,,,,,0,0,725756
LTFRB_PUJ1918,724594,,,,,,,0,0,725757
LTFRB_PUB1117,724594,,,,,,,0,0,725758
LTFRB_PUJ1283,724594,,,,,,,0,0,725759
LTFRB_PUJ1450,724594,,,,,,,0,0,725760
LTFRB_PUJ2014,724594,,,,,,,0,0,725761
LTFRB_PUJ2245,724594,,,,,,,0,0,725762
LTFRB_PUJ2428,724594,,,,,,,0,0,725763
LTFRB_PUJ1235,724594,,,,,,,0,0,725764
LTFRB_PUJ2207,724594,,,,,,,0,0,725765
LTFRB_PUB1136,724594,,,,,,,0,0,725766
LTFRB_PUJ1862,724594,,,,,,,0,0,725767
LTFRB_PUJ1376,724594,,,,,,,0,0,725768
LTFRB_PUJ1618,724594,,,,,,,0,0,725769
LTFRB_PUJ2064,724594,,,,,,,0,0,725770
LTFRB_PUJ1666,724594,,,,,,,0,0,725771
LTFRB_PUJ2057,724594,,,,,,,0,0,725772
LTFRB_PUJ1021,724594,,,,,,,0,0,725773
LTFRB_PUJ1178,724594,,,,,,,0,0,725774
LTFRB_PUJ1083,724594,,,,,,,0,0,725775
LTFRB_PUJ1433,724594,,,,,,,0,0,725776
LTFRB_PUJ2465,724594,,,,,,,0,0,725777
LTFRB_PUJ1789,724594,,,,,,,0,0,725778
LTFRB_PUJ2062,724594,,,,,,,0,0,725779
LTFRB_PUJ2443,724594,,,,,,,0,0,725780
LTFRB_PUJ2397,724594,,,,,,,0,0,725781
LTFRB_PUJ2284,724594,,,,,,,0,0,725782
LTFRB_PUJ1937,724594,,,,,,,0,0,725783
LTFRB_PUB1043,724594,,,,,,,0,0,725784
LTFRB_PUJ1197,724594,,,,,,,0,0,725785
LTFRB_PUJ2409,724594,,,,,,,0,0,725786
LTFRB_PUJ1128,724594,,,,,,,0,0,725788
LTFRB_PUJ2252,724594,,,,,,,0,0,725789
LTFRB_PUJ1143,724594,,,,,,,0,0,725790
LTFRB_PUJ1910,724594,,,,,,,0,0,725791
LTFRB_PUB1172,724594,,,,,,,0,0,725792
LTFRB_PUJ1307,724594,,,,,,,0,0,725793
LTFRB_PUJ1338,724594,,,,,,,0,0,725794
LTFRB_PUJ1089,724594,,,,,,,0,0,725795
LTFRB_PUJ1959,724594,,,,,,,0,0,725796
LTFRB_PUJ2598,724594,,,,,,,0,0,725797
LTFRB_PUB1171,724594,,,,,,,0,0,725798
LTFRB_PUJ2157,724594,,,,,,,0,0,725799
LTFRB_PUJ2210,724594,,,,,,,0,0,725800
LTFRB_PUJ2297,724594,,,,,,,0,0,725801
LTFRB_PUB1053,724594,,,,,,,0,0,725802
LTFRB_PUJ1489,724594,,,,,,,0,0,725803
LTFRB_PUJ1437,724594,,,,,,,0,0,725804
LTFRB_PUJ1172,724594,,,,,,,0,0,725805
LTFRB_PUJ2413,724594,,,,,,,0,0,725806
LTFRB_PUB1088,724594,,,,,,,0,0,725807
LTFRB_PUB1131,724594,,,,,,,0,0,725808
LTFRB_PUB1017,724594,,,,,,,0,0,725809
LTFRB_PUJ2264,724594,,,,,,,0,0,725810
LTFRB_PUJ2127,724594,,,,,,,0,0,725811
LTFRB_PUJ1102,724594,,,,,,,0,0,725812
LTFRB_PUJ2189,724594,,,,,,,0,0,725813
LTFRB_PUJ2173,724594,,,,,,,0,0,725814
LTFRB_PUJ1326,724594,,,,,,,0,0,725815
LTFRB_PUJ1937,724594,,,,,,,0,0,725816
LTFRB_PUJ2380,724594,,,,,,,0,0,725817
LTFRB_PUJ1324,724594,,,,,,,0,0,725818
LTFRB_PUB1032,724594,,,,,,,0,0,725819
LTFRB_PUJ1740,724594,,,,,,,0,0,725820
LTFRB_PUJ1601,724594,,,,,,,0,0,725821
LTFRB_PUJ2337,724594,,,,,,,0,0,725822
LTFRB_PUJ2338,724594,,,,,,,0,0,725823
LTFRB_PUJ2355,724594,,,,,,,0,0,725824
LTFRB_PUJ1212,724594,,,,,,,0,0,725825
LTFRB_PUJ1896,724594,,,,,,,0,0,725826
LTFRB_PUJ1269,724594,,,,,,,0,0,725827
LTFRB_PUJ1245,724594,,,,,,,0,0,725828
LTFRB_PUJ1208,724594,,,,,,,0,0,725829
LTFRB_PUJ2358,724594,,,,,,,0,0,725830
LTFRB_PUJ1729,724594,,,,,,,0,0,725831
LTFRB_PUJ1623,724594,,,,,,,0,0,725832
LTFRB_PUJ1725,724594,,,,,,,0,0,725833
LTFRB_PUJ1981,724594,,,,,,,0,0,725834
LTFRB_PUJ2220,724594,,,,,,,0,0,725835
LTFRB_PUJ2104,724594,,,,,,,0,0,725836
LTFRB_PUJ1797,724594,,,,,,,0,0,725837
LTFRB_PUJ1313,724594,,,,,,,0,0,725838
LTFRB_PUJ1076,724594,,,,,,,0,0,725839
LTFRB_PUJ2565,724594,,,,,,,0,0,725840
LTFRB_PUJ1292,724594,,,,,,,0,0,725841
LTFRB_PUJ1166,724594,,,,,,,0,0,725842
LTFRB_PUJ1766,724594,,,,,,,0,0,725843
LTFRB_PUJ2577,724594,,,,,,,0,0,725844
LTFRB_PUJ1163,724594,,,,,,,0,0,725845
LTFRB_PUJ1026,724594,,,,,,,0,0,725846
LTFRB_PUJ2184,724594,,,,,,,0,0,725847
LTFRB_PUJ2049,724594,,,,,,,0,0,725848
LTFRB_PUJ2588,724594,,,,,,,0,0,725849
LTFRB_PUJ1144,724594,,,,,,,0,0,725850
LTFRB_PUJ1058,724594,,,,,,,0,0,725851
LTFRB_PUJ1649,724594,,,,,,,0,0,725852
LTFRB_PUJ2592,724594,,,,,,,0,0,725853
LTFRB_PUJ2020,724594,,,,,,,0,0,725854
LTFRB_PUJ2052,724594,,,,,,,0,0,725855
LTFRB_PUJ1800,724594,,,,,,,0,0,725856
LTFRB_PUJ2268,724594,,,,,,,0,0,725857
LTFRB_PUJ1055,724594,,,,,,,0,0,725858
LTFRB_PUJ2164,724594,,,,,,,0,0,725859
LTFRB_PUJ2209,724594,,,,,,,0,0,725860
LTFRB_PUJ1562,724594,,,,,,,0,0,725861
LTFRB_PUJ1851,724594,,,,,,,0,0,725862
LTFRB_PUJ1893,724594,,,,,,,0,0,725863
LTFRB_PUJ2109,724594,,,,,,,0,0,725864
LTFRB_PUJ2417,724594,,,,,,,0,0,725865
LTFRB_PUJ1902,724594,,,,,,,0,0,725866
LTFRB_PUJ1532,724594,,,,,,,0,0,725867
LTFRB_PUJ1581,724594,,,,,,,0,0,725868
LTFRB_PUJ2460,724594,,,,,,,0,0,725869
LTFRB_PUB1071,724594,,,,,,,0,0,725870
LTFRB_PUJ1923,724594,,,,,,,0,0,725871
LTFRB_PUJ1773,724594,,,,,,,0,0,725872
LTFRB_PUJ1272,724594,,,,,,,0,0,725873
LTFRB_PUJ2468,724594,,,,,,,0,0,725874
LTFRB_PUJ1068,724594,,,,,,,0,0,725875
LTFRB_PUJ1834,724594,,,,,,,0,0,725876
LTFRB_PUJ2082,724594,,,,,,,0,0,725877
LTFRB_PUB1078,724594,,,,,,,0,0,725878
LTFRB_PUJ1811,724594,,,,,,,0,0,725879
LTFRB_PUJ1982,724594,,,,,,,0,0,725880
LTFRB_PUJ2078,724594,,,,,,,0,0,725881
LTFRB_PUJ1453,724594,,,,,,,0,0,725882
LTFRB_PUJ2167,724594,,,,,,,0,0,725883
LTFRB_PUJ1458,724594,,,,,,,0,0,725884
LTFRB_PUJ2404,724594,,,,,,,0,0,725885
LTFRB_PUJ1475,724594,,,,,,,0,0,725886
LTFRB_PUJ2269,724594,,,,,,,0,0,725887
LTFRB_PUJ1195,724594,,,,,,,0,0,725888
LTFRB_PUJ1048,724594,,,,,,,0,0,725889
LTFRB_PUJ2486,724594,,,,,,,0,0,725890
LTFRB_PUJ1248,724594,,,,,,,0,0,725891
LTFRB_PUJ1675,724594,,,,,,,0,0,725892
LTFRB_PUJ1495,724594,,,,,,,0,0,725893
LTFRB_PUJ2593,724594,,,,,,,0,0,725894
LTFRB_PUJ1755,724594,,,,,,,0,0,725895
LTFRB_PUJ2066,724594,,,,,,,0,0,725896
LTFRB_PUJ2089,724594,,,,,,,0,0,725897
LTFRB_PUJ2595,724594,,,,,,,0,0,725898
LTFRB_PUJ1871,724594,,,,,,,0,0,725899
LTFRB_PUJ2608,724594,,,,,,,0,0,725900
LTFRB_PUJ1759,724594,,,,,,,0,0,725901
LTFRB_PUJ1849,724594,,,,,,,0,0,725902
LTFRB_PUJ2466,724594,,,,,,,0,0,725903
LTFRB_PUJ2513,724594,,,,,,,0,0,725904
LTFRB_PUJ2601,724594,,,,,,,0,0,725905
LTFRB_PUJ1241,724594,,,,,,,0,0,725906
LTFRB_PUJ1233,724594,,,,,,,0,0,725907
LTFRB_PUJ1775,724594,,,,,,,0,0,725908
LTFRB_PUJ2250,724594,,,,,,,0,0,725909
LTFRB_PUJ1465,724594,,,,,,,0,0,725910
LTFRB_PUJ1271,724594,,,,,,,0,0,725911
LTFRB_PUJ1444,724594,,,,,,,0,0,725912
LTFRB_PUJ1424,724594,,,,,,,0,0,725913
LTFRB_PUB1090,724594,,,,,,,0,0,725914
LTFRB_PUJ1833,724594,,,,,,,0,0,725915
LTFRB_PUJ1694,724594,,,,,,,0,0,725916
LTFRB_PUJ2016,724594,,,,,,,0,0,725917
LTFRB_PUJ1439,724594,,,,,,,0,0,725918
LTFRB_PUJ2044,724594,,,,,,,0,0,725919
LTFRB_PUJ1440,724594,,,,,,,0,0,725920
LTFRB_PUB1021,724594,,,,,,,0,0,725921
LTFRB_PUJ2396,724594,,,,,,,0,0,725922
LTFRB_PUJ1931,724594,,,,,,,0,0,725923
LTFRB_PUJ1984,724594,,,,,,,0,0,725924
LTFRB_PUJ1942,724594,,,,,,,0,0,725925
LTFRB_PUJ2176,724594,,,,,,,0,0,725926
LTFRB_PUJ2532,724594,,,,,,,0,0,725927
LTFRB_PUJ2098,724594,,,,,,,0,0,725928
LTFRB_PUJ1996,724594,,,,,,,0,0,725929
LTFRB_PUJ1176,724594,,,,,,,0,0,725930
LTFRB_PUB1185,724594,,,,,,,0,0,725931
LTFRB_PUJ2239,724594,,,,,,,0,0,725932
LTFRB_PUB1014,724594,,,,,,,0,0,725933
LTFRB_PUJ2148,724594,,,,,,,0,0,725934
LTFRB_PUJ2180,724594,,,,,,,0,0,725935
LTFRB_PUJ2015,724594,,,,,,,0,0,725936
LTFRB_PUJ1389,724594,,,,,,,0,0,725937
LTFRB_PUJ1226,724594,,,,,,,0,0,725938
LTFRB_PUJ2013,724594,,,,,,,0,0,725939
LTFRB_PUJ2576,724594,,,,,,,0,0,725940
LTFRB_PUJ1983,724594,,,,,,,0,0,725941
LTFRB_PUJ1279,724594,,,,,,,0,0,725942
LTFRB_PUJ1947,724594,,,,,,,0,0,725943
LTFRB_PUJ1192,724594,,,,,,,0,0,725944
LTFRB_PUB1164,724594,,,,,,,0,0,725945
LTFRB_PUJ1633,724594,,,,,,,0,0,725946
LTFRB_PUJ1705,724594,,,,,,,0,0,725947
LTFRB_PUJ1605,724594,,,,,,,0,0,725948
LTFRB_PUJ2373,724594,,,,,,,0,0,725949
LTFRB_PUJ2324,724594,,,,,,,0,0,725950
LTFRB_PUB1105,724594,,,,,,,0,0,725951
LTFRB_PUJ2009,724594,,,,,,,0,0,725952
LTFRB_PUJ1707,724594,,,,,,,0,0,725953
LTFRB_PUJ1363,724594,,,,,,,0,0,725954
LTFRB_PUJ2586,724594,,,,,,,0,0,725955
LTFRB_PUJ1981,724594,,,,,,,0,0,725956
LTFRB_PUJ2067,724594,,,,,,,0,0,725957
LTFRB_PUJ1181,724594,,,,,,,0,0,725958
LTFRB_PUJ1393,724594,,,,,,,0,0,725959
LTFRB_PUJ1150,724594,,,,,,,0,0,725960
LTFRB_PUJ2276,724594,,,,,,,0,0,725961
LTFRB_PUJ1399,724594,,,,,,,0,0,725962
LTFRB_PUJ2362,724594,,,,,,,0,0,725963
LTFRB_PUJ1718,724594,,,,,,,0,0,725964
LTFRB_PUJ2383,724594,,,,,,,0,0,725965
LTFRB_PUJ1686,724594,,,,,,,0,0,725966
LTFRB_PUJ1200,724594,,,,,,,0,0,725967
LTFRB_PUJ1036,724594,,,,,,,0,0,725968
LTFRB_PUB1010,724594,,,,,,,0,0,725969
LTFRB_PUJ1387,724594,,,,,,,0,0,725970
LTFRB_PUJ1768,724594,,,,,,,0,0,725971
LTFRB_PUJ2002,724594,,,,,,,0,0,725972
LTFRB_PUJ1875,724594,,,,,,,0,0,725973
LTFRB_PUJ2551,724594,,,,,,,0,0,725974
LTFRB_PUJ1526,724594,,,,,,,0,0,725975
LTFRB_PUJ1065,724594,,,,,,,0,0,725976
LTFRB_PUJ1380,724594,,,,,,,0,0,725977
LTFRB_PUB1116,724594,,,,,,,0,0,725978
LTFRB_PUJ2165,724594,,,,,,,0,0,725979
LTFRB_PUJ1951,724594,,,,,,,0,0,725980
LTFRB_PUJ1566,724594,,,,,,,0,0,725981
LTFRB_PUJ2149,724594,,,,,,,0,0,725982
LTFRB_PUJ1483,724594,,,,,,,0,0,725983
LTFRB_PUJ1477,724594,,,,,,,0,0,725984
LTFRB_PUJ2381,724594,,,,,,,0,0,725985
LTFRB_PUB1023,724594,,,,,,,0,0,725986
LTFRB_PUJ2344,724594,,,,,,,0,0,725987
LTFRB_PUB1190,724594,,,,,,,0,0,725988
LTFRB_PUJ1576,724594,,,,,,,0,0,725989
LTFRB_PUJ1513,724594,,,,,,,0,0,725990
LTFRB_PUJ1216,724594,,,,,,,0,0,725991
LTFRB_PUB1196,724594,,,,,,,0,0,725992
LTFRB_PUJ1075,724594,,,,,,,0,0,725993
LTFRB_PUB1099,724594,,,,,,,0,0,725994
LTFRB_PUJ1384,724594,,,,,,,0,0,725995
LTFRB_PUJ2005,724594,,,,,,,0,0,725996
LTFRB_PUJ2048,724594,,,,,,,0,0,725997
LTFRB_PUJ1758,724594,,,,,,,0,0,725998
LTFRB_PUJ2480,724594,,,,,,,0,0,725999
LTFRB_PUJ1500,724594,,,,,,,0,0,726000
LTFRB_PUJ1049,724594,,,,,,,0,0,726001
LTFRB_PUJ2059,724594,,,,,,,0,0,726002
LTFRB_PUJ2523,724594,,,,,,,0,0,726003
LTFRB_PUJ2215,724594,,,,,,,0,0,726004
LTFRB_PUJ2489,724594,,,,,,,0,0,726005
LTFRB_PUJ2407,724594,,,,,,,0,0,726006
LTFRB_PUJ1572,724594,,,,,,,0,0,726007
LTFRB_PUJ1791,724594,,,,,,,0,0,726008
LTFRB_PUB1056,724594,,,,,,,0,0,726009
LTFRB_PUJ2041,724594,,,,,,,0,0,726010
LTFRB_PUJ1521,724594,,,,,,,0,0,726011
LTFRB_PUJ1101,724594,,,,,,,0,0,726012
LTFRB_PUJ1987,724594,,,,,,,0,0,726013
LTFRB_PUJ2546,724594,,,,,,,0,0,726014
LTFRB_PUJ2550,724594,,,,,,,0,0,726015
LTFRB_PUJ1713,724594,,,,,,,0,0,726016
LTFRB_PUJ2307,724594,,,,,,,0,0,726017
LTFRB_PUJ1275,724594,,,,,,,0,0,726018
LTFRB_PUJ1441,724594,,,,,,,0,0,726019
LTFRB_PUJ2075,724594,,,,,,,0,0,726020
LTFRB_PUB1166,724594,,,,,,,0,0,726021
LTFRB_PUJ1762,724594,,,,,,,0,0,726022
LTFRB_PUJ1836,724594,,,,,,,0,0,726023
LTFRB_PUJ2616,724594,,,,,,,0,0,726024
LTFRB_PUJ2387,724594,,,,,,,0,0,726025
LTFRB_PUB1128,724594,,,,,,,0,0,726026
LTFRB_PUJ2282,724594,,,,,,,0,0,726027
LTFRB_PUJ1473,724594,,,,,,,0,0,726028
LTFRB_PUJ2512,724594,,,,,,,0,0,726029
LTFRB_PUJ1552,724594,,,,,,,0,0,726030
LTFRB_PUJ1872,724594,,,,,,,0,0,726031
LTFRB_PUJ1377,724594,,,,,,,0,0,726032
LTFRB_PUJ1290,724594,,,,,,,0,0,726033
LTFRB_PUJ2603,724594,,,,,,,0,0,726034
LTFRB_PUJ2416,724594,,,,,,,0,0,726035
LTFRB_PUJ1254,724594,,,,,,,0,0,726036
LTFRB_PUJ1350,724594,,,,,,,0,0,726037
LTFRB_PUJ1209,724594,,,,,,,0,0,726038
LTFRB_PUJ1933,724594,,,,,,,0,0,726039
LTFRB_PUJ1357,724594,,,,,,,0,0,726040
LTFRB_PUB1066,724594,,,,,,,0,0,726041
LTFRB_PUJ2564,724594,,,,,,,0,0,726042
LTFRB_PUJ1999,724594,,,,,,,0,0,726043
LTFRB_PUJ2304,724594,,,,,,,0,0,726044
LTFRB_PUB1151,724594,,,,,,,0,0,726045
LTFRB_PUJ1470,724594,,,,,,,0,0,726046
LTFRB_PUJ1354,724594,,,,,,,0,0,726047
LTFRB_PUJ2385,724594,,,,,,,0,0,726048
LTFRB_PUJ1136,724594,,,,,,,0,0,726049
LTFRB_PUJ1838,724594,,,,,,,0,0,726050
LTFRB_PUJ1423,724594,,,,,,,0,0,726051
LTFRB_PUJ2068,724594,,,,,,,0,0,726052
LTFRB_PUJ1044,724594,,,,,,,0,0,726053
LTFRB_PUJ1179,724594,,,,,,,0,0,726054
LTFRB_PUJ1276,724594,,,,,,,0,0,726055
LTFRB_PUJ1408,724594,,,,,,,0,0,726056
LTFRB_PUJ1813,724594,,,,,,,0,0,726057
LTFRB_PUJ2263,724594,,,,,,,0,0,726058
LTFRB_PUJ2011,724594,,,,,,,0,0,726059
LTFRB_PUJ2524,724594,,,,,,,0,0,726060
LTFRB_PUJ2505,724594,,,,,,,0,0,726061
LTFRB_PUJ1020,724594,,,,,,,0,0,726062
LTFRB_PUJ1419,724594,,,,,,,0,0,726063
LTFRB_PUJ1012,724594,,,,,,,0,0,726064
LTFRB_PUJ1560,724594,,,,,,,0,0,726065
LTFRB_PUJ1569,724594,,,,,,,0,0,726066
LTFRB_PUJ1859,724594,,,,,,,0,0,726067
LTFRB_PUB1125,724594,,,,,,,0,0,726068
LTFRB_PUJ1059,724594,,,,,,,0,0,726069
LTFRB_PUJ1711,724594,,,,,,,0,0,726070
LTFRB_PUJ1930,724594,,,,,,,0,0,726071
LTFRB_PUJ1841,724594,,,,,,,0,0,726072
LTFRB_PUJ1969,724594,,,,,,,0,0,726073
LTFRB_PUJ2047,724594,,,,,,,0,0,726074
LTFRB_PUJ2116,724594,,,,,,,0,0,726075
LTFRB_PUJ1173,724594,,,,,,,0,0,726076
LTFRB_PUJ2051,724594,,,,,,,0,0,726077
LTFRB_PUJ1358,724594,,,,,,,0,0,726078
LTFRB_PUJ1873,724594,,,,,,,0,0,726079
LTFRB_PUJ2106,724594,,,,,,,0,0,726080
LTFRB_PUB1109,724594,,,,,,,0,0,726081
LTFRB_PUJ2114,724594,,,,,,,0,0,726082
LTFRB_PUJ1316,724594,,,,,,,0,0,726083
LTFRB_PUJ1379,724594,,,,,,,0,0,726084
LTFRB_PUB1119,724594,,,,,,,0,0,726085
LTFRB_PUJ1135,724594,,,,,,,0,0,726086
LTFRB_PUJ1505,724594,,,,,,,0,0,726087
LTFRB_PUJ1944,724594,,,,,,,0,0,726088
LTFRB_PUJ1615,724594,,,,,,,0,0,726089
LTFRB_PUJ1769,724594,,,,,,,0,0,726090
LTFRB_PUJ2225,724594,,,,,,,0,0,726091
LTFRB_PUJ1308,724594,,,,,,,0,0,726092
LTFRB_PUJ2080,724594,,,,,,,0,0,726093
LTFRB_PUJ2371,724594,,,,,,,0,0,726094
LTFRB_PUB1153,724594,,,,,,,0,0,726095
LTFRB_PUJ2285,724594,,,,,,,0,0,726096
LTFRB_PUJ1240,724594,,,,,,,0,0,726097
LTFRB_PUJ2454,724594,,,,,,,0,0,726098
LTFRB_PUJ1778,724594,,,,,,,0,0,726099
LTFRB_PUJ1515,724594,,,,,,,0,0,726100
LTFRB_PUJ1617,724594,,,,,,,0,0,726101
LTFRB_PUB1169,724594,,,,,,,0,0,726102
LTFRB_PUJ1722,724594,,,,,,,0,0,726103
LTFRB_PUJ1028,724594,,,,,,,0,0,726104
LTFRB_PUJ1639,724594,,,,,,,0,0,726105
LTFRB_PUJ2232,724594,,,,,,,0,0,726106
LTFRB_PUJ2408,724594,,,,,,,0,0,726107
LTFRB_PUJ1506,724594,,,,,,,0,0,726108
LTFRB_PUJ1336,724594,,,,,,,0,0,726109
LTFRB_PUJ1748,724594,,,,,,,0,0,726110
LTFRB_PUJ1867,724594,,,,,,,0,0,726111
LTFRB_PUJ2123,724594,,,,,,,0,0,726112
LTFRB_PUJ2154,724594,,,,,,,0,0,726113
LTFRB_PUJ2146,724594,,,,,,,0,0,726114
LTFRB_PUJ1141,724594,,,,,,,0,0,726115
LTFRB_PUB1010,724594,,,,,,,0,0,726116
LTFRB_PUJ2182,724594,,,,,,,0,0,726117
LTFRB_PUJ2444,724594,,,,,,,0,0,726118
LTFRB_PUJ1267,724594,,,,,,,0,0,726119
LTFRB_PUJ2347,724594,,,,,,,0,0,726120
LTFRB_PUJ2022,724594,,,,,,,0,0,726121
LTFRB_PUJ1025,724594,,,,,,,0,0,726122
LTFRB_PUJ1654,724594,,,,,,,0,0,726123
LTFRB_PUJ1378,724594,,,,,,,0,0,726124
LTFRB_PUJ1448,724594,,,,,,,0,0,726125
LTFRB_PUJ2211,724594,,,,,,,0,0,726126
LTFRB_PUB1113,724594,,,,,,,0,0,726127
LTFRB_PUJ1844,724594,,,,,,,0,0,726128
LTFRB_PUJ1852,724594,,,,,,,0,0,726129
LTFRB_PUJ2600,724594,,,,,,,0,0,726130
LTFRB_PUJ2539,724594,,,,,,,0,0,726131
LTFRB_PUJ1307,724594,,,,,,,0,0,726132
LTFRB_PUJ1643,724594,,,,,,,0,0,726133
LTFRB_PUJ2552,724594,,,,,,,0,0,726134
LTFRB_PUJ1614,724594,,,,,,,0,0,726135
LTFRB_PUJ2368,724594,,,,,,,0,0,726136
LTFRB_PUJ2366,724594,,,,,,,0,0,726137
LTFRB_PUJ2555,724594,,,,,,,0,0,726138
LTFRB_PUJ1205,724594,,,,,,,0,0,726139
LTFRB_PUJ1571,724594,,,,,,,0,0,726140
LTFRB_PUJ2503,724594,,,,,,,0,0,726141
LTFRB_PUJ1345,724594,,,,,,,0,0,726142
LTFRB_PUJ1760,724594,,,,,,,0,0,726143
LTFRB_PUJ1632,724594,,,,,,,0,0,726144
LTFRB_PUJ2509,724594,,,,,,,0,0,726145
LTFRB_PUJ1382,724594,,,,,,,0,0,726146
LTFRB_PUJ2360,724594,,,,,,,0,0,726147
LTFRB_PUJ2609,724594,,,,,,,0,0,726148
LTFRB_PUJ1265,724594,,,,,,,0,0,726149
LTFRB_PUJ1022,724594,,,,,,,0,0,726150
LTFRB_PUJ2583,724594,,,,,,,0,0,726151
LTFRB_PUJ2038,724594,,,,,,,0,0,726152
LTFRB_PUB1009,724594,,,,,,,0,0,726153
LTFRB_PUB1004,724594,,,,,,,0,0,726154
LTFRB_PUJ2072,724594,,,,,,,0,0,726155
LTFRB_PUJ1029,724594,,,,,,,0,0,726156
LTFRB_PUJ1330,724594,,,,,,,0,0,726157
LTFRB_PUB1052,724594,,,,,,,0,0,726158
LTFRB_PUJ2568,724594,,,,,,,0,0,726159
LTFRB_PUJ1299,724594,,,,,,,0,0,726160
LTFRB_PUJ1153,724594,,,,,,,0,0,726161
LTFRB_PUB1080,724594,,,,,,,0,0,726162
LTFRB_PUJ2569,724594,,,,,,,0,0,726163
LTFRB_PUJ1787,724594,,,,,,,0,0,726164
LTFRB_PUJ2610,724594,,,,,,,0,0,726165
LTFRB_PUJ1301,724594,,,,,,,0,0,726166
LTFRB_PUB1159,724594,,,,,,,0,0,726167
LTFRB_PUJ2060,724594,,,,,,,0,0,726168
LTFRB_PUB1129,724594,,,,,,,0,0,726169
LTFRB_PUJ1650,724594,,,,,,,0,0,726170
LTFRB_PUJ1296,724594,,,,,,,0,0,726171
LTFRB_PUJ1217,724594,,,,,,,0,0,726172
LTFRB_PUJ1187,724594,,,,,,,0,0,726173
LTFRB_PUJ1401,724594,,,,,,,0,0,726174
LTFRB_PUJ1967,724594,,,,,,,0,0,726175
LTFRB_PUJ2090,724594,,,,,,,0,0,726176
LTFRB_PUJ2343,724594,,,,,,,0,0,726177
LTFRB_PUJ1284,724594,,,,,,,0,0,726178
LTFRB_PUJ1565,724594,,,,,,,0,0,726179
LTFRB_PUJ1156,724594,,,,,,,0,0,726180
LTFRB_PUJ2461,724594,,,,,,,0,0,726181
LTFRB_PUJ1557,724594,,,,,,,0,0,726182
LTFRB_PUJ1606,724594,,,,,,,0,0,726183
LTFRB_PUJ1908,724594,,,,,,,0,0,726184
LTFRB_PUJ2500,724594,,,,,,,0,0,726185
LTFRB_PUB1095,724594,,,,,,,0,0,726186
LTFRB_PUJ2395,724594,,,,,,,0,0,726187
LTFRB_PUB1182,724594,,,,,,,0,0,726188
LTFRB_PUB1013,724594,,,,,,,0,0,726189
LTFRB_PUJ1249,724594,,,,,,,0,0,726190
LTFRB_PUJ1509,724594,,,,,,,0,0,726191
LTFRB_PUJ1923,724594,,,,,,,0,0,726192
LTFRB_PUJ2448,724594,,,,,,,0,0,726193
LTFRB_PUJ1244,724594,,,,,,,0,0,726194
LTFRB_PUJ2185,724594,,,,,,,0,0,726195
LTFRB_PUJ1117,724594,,,,,,,0,0,726196
LTFRB_PUJ2421,724594,,,,,,,0,0,726197
LTFRB_PUJ1260,724594,,,,,,,0,0,726198
LTFRB_PUJ1831,724594,,,,,,,0,0,726199
LTFRB_PUB1122,724594,,,,,,,0,0,726200
LTFRB_PUJ1261,724594,,,,,,,0,0,726201
LTFRB_PUJ2260,724594,,,,,,,0,0,726202
LTFRB_PUJ2441,724594,,,,,,,0,0,726203
LTFRB_PUB1086,724594,,,,,,,0,0,726204
LTFRB_PUJ1099,724594,,,,,,,0,0,726205
LTFRB_PUJ2134,724594,,,,,,,0,0,726206
LTFRB_PUJ2217,724594,,,,,,,0,0,726207
LTFRB_PUJ1185,724594,,,,,,,0,0,726208
LTFRB_PUJ1635,724594,,,,,,,0,0,726209
LTFRB_PUJ2161,724594,,,,,,,0,0,726210
LTFRB_PUJ1589,724594,,,,,,,0,0,726211
LTFRB_PUJ1854,724594,,,,,,,0,0,726212
LTFRB_PUJ2499,724594,,,,,,,0,0,726213
LTFRB_PUJ1191,724594,,,,,,,0,0,726214
LTFRB_PUJ2198,724594,,,,,,,0,0,726215
LTFRB_PUJ1817,724594,,,,,,,0,0,726216
LTFRB_PUJ2613,724594,,,,,,,0,0,726217
LTFRB_PUJ2382,724594,,,,,,,0,0,726218
LTFRB_PUJ1182,724594,,,,,,,0,0,726219
LTFRB_PUJ1695,724594,,,,,,,0,0,726220
LTFRB_PUJ2319,724594,,,,,,,0,0,726221
LTFRB_PUJ1783,724594,,,,,,,0,0,726222
LTFRB_PUJ1936,724594,,,,,,,0,0,726223
LTFRB_PUJ2541,724594,,,,,,,0,0,726224
LTFRB_PUJ1006,724594,,,,,,,0,0,726225
LTFRB_PUJ2458,724594,,,,,,,0,0,726226
LTFRB_PUB1165,724594,,,,,,,0,0,726227
LTFRB_PUJ1884,724594,,,,,,,0,0,726228
LTFRB_PUJ1400,724594,,,,,,,0,0,726229
LTFRB_PUJ1652,724594,,,,,,,0,0,726230
LTFRB_PUJ1394,724594,,,,,,,0,0,726231
LTFRB_PUJ1390,724594,,,,,,,0,0,726232
LTFRB_PUJ2076,724594,,,,,,,0,0,726233
LTFRB_PUJ1593,724594,,,,,,,0,0,726234
LTFRB_PUJ1340,724594,,,,,,,0,0,726235
LTFRB_PUJ2095,724594,,,,,,,0,0,726236
LTFRB_PUB1186,724594,,,,,,,0,0,726237
LTFRB_PUB1161,724594,,,,,,,0,0,726238
LTFRB_PUJ1327,724594,,,,,,,0,0,726239
LTFRB_PUJ1785,724594,,,,,,,0,0,726240
LTFRB_PUJ1584,724594,,,,,,,0,0,726241
LTFRB_PUJ2520,724594,,,,,,,0,0,726242
LTFRB_PUJ1518,724594,,,,,,,0,0,726243
LTFRB_PUJ1889,724594,,,,,,,0,0,726244
LTFRB_PUJ1431,724594,,,,,,,0,0,726245
LTFRB_PUJ1627,724594,,,,,,,0,0,726246
LTFRB_PUJ1416,724594,,,,,,,0,0,726247
LTFRB_PUJ2563,724594,,,,,,,0,0,726248
LTFRB_PUJ1478,724594,,,,,,,0,0,726249
LTFRB_PUB1083,724594,,,,,,,0,0,726250
LTFRB_PUB1175,724594,,,,,,,0,0,726251
LTFRB_PUJ2584,724594,,,,,,,0,0,726252
LTFRB_PUJ1660,724594,,,,,,,0,0,726253
LTFRB_PUJ2313,724594,,,,,,,0,0,726254
LTFRB_PUJ2473,724594,,,,,,,0,0,726255
LTFRB_PUJ2122,724594,,,,,,,0,0,726256
LTFRB_PUB1140,724594,,,,,,,0,0,726257
LTFRB_PUJ2243,724594,,,,,,,0,0,726258
LTFRB_PUJ1674,724594,,,,,,,0,0,726259
LTFRB_PUJ1337,724594,,,,,,,0,0,726260
LTFRB_PUJ1035,724594,,,,,,,0,0,726261
LTFRB_PUJ1885,724594,,,,,,,0,0,726262
LTFRB_PUJ1164,724594,,,,,,,0,0,726263
LTFRB_PUJ1266,724594,,,,,,,0,0,726264
LTFRB_PUJ1306,724594,,,,,,,0,0,726265
LTFRB_PUJ1017,724594,,,,,,,0,0,726266
LTFRB_PUJ2105,724594,,,,,,,0,0,726267
LTFRB_PUB1173,724594,,,,,,,0,0,726268
LTFRB_PUJ1620,724594,,,,,,,0,0,726269
LTFRB_PUJ1701,724594,,,,,,,0,0,726270
LTFRB_PUJ1819,724594,,,,,,,0,0,726271
LTFRB_PUJ1105,724594,,,,,,,0,0,726272
LTFRB_PUJ1125,724594,,,,,,,0,0,726273
LTFRB_PUJ1954,724594,,,,,,,0,0,726274
LTFRB_PUJ2467,724594,,,,,,,0,0,726275
LTFRB_PUJ2172,724594,,,,,,,0,0,726276
LTFRB_PUJ2187,724594,,,,,,,0,0,726277
LTFRB_PUJ1476,724594,,,,,,,0,0,726278
LTFRB_PUJ2317,724594,,,,,,,0,0,726279
LTFRB_PUJ1539,724594,,,,,,,0,0,726280
LTFRB_PUJ2131,724594,,,,,,,0,0,726281
LTFRB_PUJ1699,724594,,,,,,,0,0,726282
LTFRB_PUJ1937,724594,,,,,,,0,0,726283
LTFRB_PUJ1685,724594,,,,,,,0,0,726284
LTFRB_PUJ1451,724594,,,,,,,0,0,726285
LTFRB_PUB1147,724594,,,,,,,0,0,726286
LTFRB_PUJ1676,724594,,,,,,,0,0,726287
LTFRB_PUB1112,724594,,,,,,,0,0,726288
LTFRB_PUJ1877,724594,,,,,,,0,0,726289
LTFRB_PUJ1900,724594,,,,,,,0,0,726290
LTFRB_PUJ2475,724594,,,,,,,0,0,726291
LTFRB_PUJ1637,724594,,,,,,,0,0,726292
LTFRB_PUJ1764,724594,,,,,,,0,0,726293
LTFRB_PUJ1013,724594,,,,,,,0,0,726294
LTFRB_PUB1089,724594,,,,,,,0,0,726295
LTFRB_PUJ1747,724594,,,,,,,0,0,726296
LTFRB_PUB1135,724594,,,,,,,0,0,726297
LTFRB_PUJ2183,724594,,,,,,,0,0,726298
LTFRB_PUJ1629,724594,,,,,,,0,0,726299
LTFRB_PUJ2547,724594,,,,,,,0,0,726300
LTFRB_PUJ1138,724594,,,,,,,0,0,726301
LTFRB_PUJ2312,724594,,,,,,,0,0,726302
LTFRB_PUJ1335,724594,,,,,,,0,0,726303
LTFRB_PUB1091,724594,,,,,,,0,0,726304
LTFRB_PUJ1850,724594,,,,,,,0,0,726305
LTFRB_PUJ1529,724594,,,,,,,0,0,726306
LTFRB_PUJ1071,724594,,,,,,,0,0,726307
LTFRB_PUB1040,724594,,,,,,,0,0,726308
LTFRB_PUB1168,724594,,,,,,,0,0,726309
LTFRB_PUJ1165,724594,,,,,,,0,0,726310
LTFRB_PUB1027,724594,,,,,,,0,0,726311
LTFRB_PUB1134,724594,,,,,,,0,0,726312
LTFRB_PUJ2021,724594,,,,,,,0,0,726313
LTFRB_PUJ2115,724594,,,,,,,0,0,726314
LTFRB_PUJ1480,724594,,,,,,,0,0,726315
LTFRB_PUJ2050,724594,,,,,,,0,0,726316
LTFRB_PUJ1420,724594,,,,,,,0,0,726317
LTFRB_PUJ1753,724594,,,,,,,0,0,726318
LTFRB_PUB1106,724594,,,,,,,0,0,726319
LTFRB_PUJ1213,724594,,,,,,,0,0,726320
LTFRB_PUJ1034,724594,,,,,,,0,0,726321
LTFRB_PUJ1891,724594,,,,,,,0,0,726322
LTFRB_PUB1087,724594,,,,,,,0,0,726323
LTFRB_PUB1174,724594,,,,,,,0,0,726324
LTFRB_PUJ2352,724594,,,,,,,0,0,726325
LTFRB_PUJ1555,724594,,,,,,,0,0,726326
LTFRB_PUJ2501,724594,,,,,,,0,0,726327
LTFRB_PUJ1414,724594,,,,,,,0,0,726328
LTFRB_PUJ1362,724594,,,,,,,0,0,726329
LTFRB_PUJ1096,724594,,,,,,,0,0,726330
LTFRB_PUJ2254,724594,,,,,,,0,0,726331
LTFRB_PUJ1776,724594,,,,,,,0,0,726332
LTFRB_PUJ2548,724594,,,,,,,0,0,726333
LTFRB_PUB1034,724594,,,,,,,0,0,726334
LTFRB_PUJ1964,724594,,,,,,,0,0,726335
LTFRB_PUJ2526,724594,,,,,,,0,0,726336
LTFRB_PUJ2135,724594,,,,,,,0,0,726337
LTFRB_PUJ1827,724594,,,,,,,0,0,726338
LTFRB_PUJ1587,724594,,,,,,,0,0,726339
LTFRB_PUJ1139,724594,,,,,,,0,0,726340
LTFRB_PUB1061,724594,,,,,,,0,0,726341
LTFRB_PUJ2242,724594,,,,,,,0,0,726342
LTFRB_PUJ1803,724594,,,,,,,0,0,726343
LTFRB_PUJ1499,724594,,,,,,,0,0,726344
LTFRB_PUJ1809,724594,,,,,,,0,0,726345
LTFRB_PUJ2477,724594,,,,,,,0,0,726346
LTFRB_PUJ1624,724594,,,,,,,0,0,726347
LTFRB_PUB1077,724594,,,,,,,0,0,726348
LTFRB_PUJ1466,724594,,,,,,,0,0,726349
LTFRB_PUJ1274,724594,,,,,,,0,0,726350
LTFRB_PUJ2120,724594,,,,,,,0,0,726351
LTFRB_PUJ1568,724594,,,,,,,0,0,726352
LTFRB_PUJ2530,724594,,,,,,,0,0,726353
LTFRB_PUJ2546,724594,,,,,,,0,0,726354
LTFRB_PUJ1014,724594,,,,,,,0,0,726355
LTFRB_PUJ1879,724594,,,,,,,0,0,726356
LTFRB_PUB1189,724594,,,,,,,0,0,726357
LTFRB_PUJ1941,724594,,,,,,,0,0,726358
LTFRB_PUJ2611,724594,,,,,,,0,0,726359
LTFRB_PUJ2517,724594,,,,,,,0,0,726360
LTFRB_PUJ2594,724594,,,,,,,0,0,726361
LTFRB_PUJ1100,724594,,,,,,,0,0,726362
LTFRB_PUJ1704,724594,,,,,,,0,0,726363
LTFRB_PUJ1937,724594,,,,,,,0,0,726364
LTFRB_PUJ2099,724594,,,,,,,0,0,726365
LTFRB_PUJ1780,724594,,,,,,,0,0,726366
LTFRB_PUJ1428,724594,,,,,,,0,0,726367
LTFRB_PUJ1225,724594,,,,,,,0,0,726368
LTFRB_PUJ1600,724594,,,,,,,0,0,726369
LTFRB_PUJ2532,724594,,,,,,,0,0,726370
LTFRB_PUJ1074,724594,,,,,,,0,0,726371
LTFRB_PUJ2289,724594,,,,,,,0,0,726372
LTFRB_PUJ2222,724594,,,,,,,0,0,726373
LTFRB_PUJ1547,724594,,,,,,,0,0,726374
LTFRB_PUJ2271,724594,,,,,,,0,0,726375
LTFRB_PUJ2390,724594,,,,,,,0,0,726376
LTFRB_PUJ2554,724594,,,,,,,0,0,726377
LTFRB_PUJ1883,724594,,,,,,,0,0,726378
LTFRB_PUJ2053,724594,,,,,,,0,0,726379
LTFRB_PUJ1949,724594,,,,,,,0,0,726380
LTFRB_PUJ2543,724594,,,,,,,0,0,726381
LTFRB_PUB1018,724594,,,,,,,0,0,726383
LTFRB_PUJ1122,724594,,,,,,,0,0,726384
LTFRB_PUJ2606,724594,,,,,,,0,0,726385
LTFRB_PUJ2124,724594,,,,,,,0,0,726386
LTFRB_PUJ1526,724594,,,,,,,0,0,726387
LTFRB_PUJ1653,724594,,,,,,,0,0,726388
LTFRB_PUJ1822,724594,,,,,,,0,0,726389
LTFRB_PUJ1734,724594,,,,,,,0,0,726390
LTFRB_PUJ2377,724594,,,,,,,0,0,726391
LTFRB_PUJ1073,724594,,,,,,,0,0,726392
LTFRB_PUJ1648,724594,,,,,,,0,0,726393
LTFRB_PUJ2045,724594,,,,,,,0,0,726394
LTFRB_PUJ1830,724594,,,,,,,0,0,726395
LTFRB_PUJ1710,724594,,,,,,,0,0,726396
LTFRB_PUJ2488,724594,,,,,,,0,0,726397
LTFRB_PUJ1348,724594,,,,,,,0,0,726398
LTFRB_PUJ2464,724594,,,,,,,0,0,726399
LTFRB_PUB1074,724594,,,,,,,0,0,726400
LTFRB_PUJ1054,724594,,,,,,,0,0,726401
LTFRB_PUJ1691,724594,,,,,,,0,0,726402
LTFRB_PUB1044,724594,,,,,,,0,0,726403
LTFRB_PUB1046,724594,,,,,,,0,0,726404
LTFRB_PUJ1726,724594,,,,,,,0,0,726405
LTFRB_PUJ1186,724594,,,,,,,0,0,726406
LTFRB_PUJ2126,724594,,,,,,,0,0,726407
LTFRB_PUJ1783,724594,,,,,,,0,0,726408
LTFRB_PUJ1448,724594,,,,,,,0,0,726409
LTFRB_PUJ1177,724594,,,,,,,0,0,726410
LTFRB_PUJ2248,724594,,,,,,,0,0,726411
LTFRB_PUJ2177,724594,,,,,,,0,0,726412
LTFRB_PUJ2137,881578,,,,,,881761,0,0,881763
ROUTE_880854,880851,,,,,,880869,0,0,881478
ROUTE_880854,880851,,,,,,880869,0,0,881479
ROUTE_880854,880851,,,,,,880869,0,0,881480
ROUTE_880854,880851,,,,,,880869,0,0,881481
ROUTE_880854,880851,,,,,,880869,0,0,881482
ROUTE_880854,880853,,,,,,880869,0,0,881509
ROUTE_880854,881502,,,,,,880869,0,0,881510
ROUTE_880854,880851,,,,,,882062,0,0,882079
ROUTE_880854,880851,,,,,,882062,0,0,882080
ROUTE_880854,880853,,,,,,882062,0,0,882081
ROUTE_880854,881502,,,,,,882062,0,0,882082
ROUTE_880854,880851,,,,,,882062,0,0,882083
ROUTE_880854,880851,,,,,,882062,0,0,882084
ROUTE_880854,880851,,,,,,882062,0,0,882085
ROUTE_880872,882002,,,,,,881953,0,0,882001
ROUTE_880872,882006,,,,,,881953,0,0,882005
ROUTE_880872,882006,,,,,,881953,0,0,882007
ROUTE_880872,882006,,,,,,881953,0,0,882008
ROUTE_880872,882006,,,,,,881953,0,0,882009
ROUTE_880872,882006,,,,,,882086,0,0,882110
ROUTE_880872,882006,,,,,,882086,0,0,882111
ROUTE_880872,882002,,,,,,882086,0,0,882112
ROUTE_880872,882006,,,,,,882086,0,0,882113
ROUTE_880872,882006,,,,,,882086,0,0,882114
